¹ concordantia numerorum}

w. 1 Ea. 11. Ι κω, 1 nd. 11.

1 1

9
58
72

73

π

91
105
106
107
108
109

⁸ 110

111
112
113
119
120
121
122
127
128
125
129
135
136
137
140
182
183
184
185
186
187
188
190

. ,189

191
192
193
209
210
211
212
213
214
215

, 216

excidit
217
218
219
220

’ 223

228

1 232

233

235 ’

58
59
60
61
62
63
64
65
’66
67
68
69
70
71
72
73
’74
75
76
77
78
79
80
81
82
83
84
85
86
87
88
’ 89
90
91
92
93
94
95
⁸ 96
97
98
99
100
101
102
103
104
105
106
107
108

’ 109

110
111
112
113
114

535

¹ 234

237
238
239
253
254
255
266
257
258
259
260
261
262
263
271
272
273
274
275
276
281
282
283
284
285
286
287
288
289
292
293
294
295
296
297
298
299
’300
301
302
303
304
305
306
307
308
309
310
311 .
312
313
314
315
316

‚¹ 317

405
406
407
408

, 409

197
198
199
200
201
202
203
204
205
206

207·

208
209
210
211
212
213
214
215
216
217
218
219
220
221
222
223
224
225
226
227
228

410
411
412
413
414
415
416
417
418
419
420
421
422

’ 423

424
425

426
427
428
429
430
431
432
433
434
435
436
437
438
439
440
441
442
443
444
445
447
448
449
450

 

