0222222022ῒὶ2 numerorum.

Ed. 1. 100. 11.

...η-μ...-

5222 2242 52245 2222 5222 2222 5222 2222 5222 2225
5222 2242 5225 2222 5222 2222 5222 2222 5222 2222
5222 2242 5222 2222 5222 2222 5242 2222 5224 2224
5222 2245 5222 2222 5224 2222 5242 2222 52252222
5222 2242 5222 2222 5225 2224 5242 2222 5222 2222
52222 2242 5222 2224 522212225 52425 2222 5222 2222
5224 2242 5222 2225 5222 2222 5242 2222 5222 2222
5225 2252 5222 2222 5222 2222 5244 2222 5222 2222
5222 2252 5222 2242 - - 5245 2224 5222 2222
5222 2252 5222 2242 5222 2222 5242 2225 5222 2222
5222 2252 5224 2242 5222 2222 5242 2222 5222 2224
5222 2252 5225 2244 5222 2224 5242 2222 5222 2222
5222 2222 5222 2242 5222 2222 5242 2222 5224 2222 .
5222 2222 5222 2242 5224 2222 5252 2225 5225 2222
5222 2225 5222 2242 2225 2242 5252 2222 5222 2222
5222 2222 5222 2242 5222 2242 5252 2222 5222 2242
5224 2222 5242 2252 5222 2242 5252 2222 5222 2244
5225 2222 5242 2252 5222 2244 5254 2224 5222 2245
5222 2222 5242 2255 5222 2245 5255 2222 5222 2242
5222 2222 5242 2252 5222 2242 5252 2222 5222 2242
5222 2222 5244 2252 5222 2252 5252 2222 5222 2242
5222 2222 5245 2252 5222 2252 5252 2242 2222 2242
5222 2224 5242 2222 5222 2254 5252 2242 5224 2252
5222 22256 5242 2222 5224 2255 5222 2242 5225 2252
5222 2222 5242 2222 5225 2252 5222 2244 52252 2252
5222 2222 5242 2224 5222 2252 5222 2245 5222 2255
5224 2222 5252 2222 5222 2252 5222 2242 5222 2252
5225 2222 5252 2222 5222 2252 5224 2242 5222 2252
2222 2222 5252 2222 5222ι 2222 5225 2252 5222 2222
5222 2222 5252 2224 5222 2222 5222 2252 5222 2222
5222 2224 5254 2225 5222 2222 5222 2252 5222 2222
5222 2225 5255 2222 5222 2222 5222 2255 5222 2222
5222 2222· 5252 2222 5222 2224 5222 2252 52222222
5222 2222 5252 2222 5224 2222 5222 2252 5224 2222
5222 2222 5252 2222 5225 2222 5222 2252 5225 2222
5222 2222 5252 2222 5222 2222 5222 2222 5222 2222

5704 7993 5760
5705 7995 5761

8085 5817 8167 5873 8262 5927 8374
8088 5818 8179 ’ 5874 8260 5928 8376
5706 7996 5762 8089 5819 8170 , 5875 8263 5929 8377
5707 7997 5763 8091 5820 7919 5876 8264 5930 8378
5708 8000 5764 8092 5821 8171 5877 8268 5931 8379
5709 8002 5765 8093 5822 8172 5878 8296 5932 8380
8141 5823 8181 5879 8270 5933 8381
8148 5824 8182 5880 7558 5934 8382
8149 5825 8175 5881 8271 5935 “ 8383
8100 5826 8176 5882 8081 5936 8384
8102 5827 8177 5883 8272 5937 8385

5710 8003 5766
5711 8005 5767
5712 8007 5768
5713 8008 5769
5714 8009 5770

5715 8010 5771 8103 5828 8178 5884 8273 5938 8386

8104 5829 8183 58842 8275 “ 5939 8387
8105 5830 8184 58845 8289 5940 8388

5716 8013 5772
5717 8014 5773

5718 8016 5774 8106 5831 8186 5885 8276 5941 0 8389

2222 5222 2222 5222 2222 5242 2222
0100 5033 2222 5222 2222 5242 2222

5719 8017 5775
5720 8018 5776

5721 8019 5777 8110 5834 8192 5888 8294 5944 8392

8111 5835 8193 5889 8298 5945 8393

8112 5836 8194 5890 8299 5946 8394 .

8116 5837 8197 5891 8304 5947 6395 , , .
84*

5722 8022 5778
5723 8023 5779
5724 8024 5780

 

