concordantia numerorum.

9101 9999
9999 9999
9999 9994
9994 9999
9999 9999
99999 9999
, 9999 9999
9999 9 9999
9109 9009
9109 9009
9999 9999
9999 9999
9999 9999
9999 9999
9994 9999
9999 9999
9999 9999
9999 9994 9
9999 9999
9999 9999
9999 9999 9999
9999 9999 9999
9999 9999 9999
9999 9999 9994
9994 9999 9999
9999 9994 ⁶ 9100
9999 9999 . 9999
9999 9999 9999
9999 9999 9 9999 9949 0 9999
9999 9949 9999 9949 ³ 9999
9999 9949 9999 9944 4 9999
9999 9949 9999 0 9999 9949 Ι 9999

5132 7049 5199 ἱ 7168 5246 ᾖ 7274

9999 9949 9999 9 9999 9949 9949
9994 9999 9999 ¹ 9999 9949 9999
9999 9999 9999 0 9999 994919999
9999 9994 9999 7 9999 9999 9999
9999 9999 9994 0 9999 9999 9999
9999 9999 9999 9999 9999 9999·
9999 9999 9999 ¹ 9999 9999 9999
9949 9999 9999 Ι 9999 9994 9999
9949 9994 9999 9999 9999 9994
9949 9999 9999 9999 9999 9999
9949 9999 9999 9999 9999 9999
9944 9999 9999 9999 9999 9999
9949 9999 9999 9994 9999 9999
9949 9999 9999 5 9199 9999 9999 9999( 9499
9949 9999 9994 Ι 9999 - - 9919 9494
9949 9999 9999 4 9199 9999 9999 9999 9499
9949 9999 9999 9999 9999 9999 9999 9499
9999 9999 9999 9999 9994 9999 9999 9499
9999 9999 9999 9999 9999 9999 9999 9494
9999 9999 9999 Ν 9999 9999 9999 9999 9499
9999 9949 9999 9 9994 9999 9999 9994 9499
9994 9999 9999 9 9999 9999 9994 9999 9499
9999 9999 9999 9 9999 9999 9999 9999 9499

Rem· 1019. nomm. 199 m. 11.

 

