m. 1. 1

8214
8215
8216
8217
8218
8219
8220
8221
8222
8223
8224
8225
8226
8227
8228
8229
8230
8231
8232
8233
8234
8235
8236
8237
8238
8239
8240
8241
8242
8243
8244
8245
8246
8247
8248
8249
8250
8251
8252
8253
8254
8255
8256
8257
8258
8259
8260
8261
8262
8263
8264
8265
8266
8267
8268
8269
8270

12228
12229
12232
12233
12237
12238
12241
12243
12244
12245
12246
12247
12252
12253
12254
12255
12256
12257
12258
12259
12260
12261
12262
12263
12264
12265
12266
12267
12268
12269
12270
12271
12272
12273
12274
12275
12277
12278
12280
12377
12282
12283
12284
12286
12288
12289
12291
12292
12294
12295
12296
12297
12298
12299
12300
12301

12302 ὁ

concordantia numerorum.

8433
8434
8435
8436
8437
8438
8439
8440
8441

12715
12718
12719
12721
12722
12728
12706
12707
12708

 

