0114111114011401114-111401Η11

110141114
1103 1113
1104 1110
1113 1111
1100 1113
1101 1110
1103 1110
1101 1111
1110 1111
1111 1113
1111 1114
1713 0003
1714 1113
1715 0007
1710 0000
1717 0000
1713 1130
1111 1131

1720 2232 “

1721 2233
1722 2234
1723 2235
1724 2239
1725 2240
1726 2241
1727 2242
1728 2243
1729 2245
1730 2246

. 1731 2247

1732 2249
1733 2250
1734 2251
1735 2252
1736 2253
1737 2254
1738 2256
1739 2259
1740 2260
1741 2264
1742 2265
1743 2266
1744 2275
1745 2270
1746 2271
1747 2276
1748 2272
1749 2274
1750 2277
1751 2278
1752 2280
1753 2287
1754 2286
1755 2292
1756 2293
1757 2291
1758 2306

1130 1100
1100 1101
1101 1103
1131 1100
1103 1300
1104 1301
1133 1301
1100 41301
1101 1303
1133 1311
1100 1311
1110 1313
1111 1314
1111 1313
1113 1311
1114 1311
1113 1313
1113 1310
1111 1313
1113 1311
1110 1334
1130 1333
1131 1330
1131 1331
1133 1331
1134 1333
1133 1330
1133 1333
1131 1303
1133 1301
1130 1331
1100 1340
1101 1341
1101 1301
1103 1341
1104 ; 1343
1103 Ι 1344
1100 1333
1101 0355
1103 1304
1110 1340
1300 1311
1301 1333
1301 1330
1303 1330
1004 1331
1303 1301
1300 1310
1301 1340
1303 1301
1300 1300
1310 1313
1311 1311
1311 1333
1313 1303
1314 1343
1313 1341

2364
2365
2372
2348
2374
2375
2376
2377
2378

2379·

2380

2381

2387

2386

, 2388
2386

. 2390

. 2391
2392

2393

2394

2307

2395

3 2398

: 2399
2396

2402

2403

“ 2409
2408

2410

1 2411
2414

2415

2416

2422

2418

⁶ 2419

“ 2420

2423

2424

2413

2425

2426

,1 2427

’ 2428
2426

2441

· 2435
2436

2433

1866 2434
1867 2437
1868 2446
1869 2445
1870 2440
1871 2438

000001110061 numerorum. 053

01140111. 4 011 0111

 

