814 ' ’ 515 initiorum.

14557. 14567. 14574. 14576. 14580. 16158. 16162. 16242. 16600. 16666·

14581. 14586. 14566. 14617. 14627. 16440. 16586. 16602.
14626. 14629. 14647. 14666. 14666. 6511515010 desideriis 100115 6055.
14702. 14706. 14706. 14707. 14716. Religionis desideriis 1051110 7686.
14717. 14716. 14733. 14613. 14647. Religiosis desideriis 01551264.
14876. 14876. lisso. 14886. 14689. 6511310010 fratrum 6806.
14664. 14618. 14662. 14650. 14658. Religiosis 10510 edesse 14620. 15504.
14955. 14667. 14668. 15071. 15061. lusatiam.
15105. 15107. 15114. 15165. 15142. 6511515010105105055151604617166.
15144. 15154. 15176. 15176151605. Religiosia locis, quae 16652.
15875. 15676. 15680. 15662. 15390. 6511515010 postulationibus 6682.
15696. 15401. 15416. 15460. 15457. 6511815010 viris 14260. 14675. 14566.
15460. 15467. 15516. 15515. 15516. 146251516615426.
15530. 15532. 15566. 15562. 15568. 6511810010 00110 9866. 6604. 6605. 10284.
15576. 15576. 15501. 15566. 15596. losio. 10400. 10464. 10456. 10576.
15604. 15610. 15612. 15616. 15666. 10665. 10670. 10685. 10666. 10781.
15669. 15663. 15696. 15709. 15627. 10644. 10676. 10644. 11021. 11026.
15648. 15649. 14650. 15654. 15962. 11166. 11145. 11155. 11188. 11161.
15677. 16024. 16025. 16026. 16030. 11220. 11266. 11662. 12616. 16026.
16031. 16067. 16060. 16085. 16111. 16150. 18186. 14260. 14586. 15042.
16147. 16165. 16170. 16176. 16164. 156520. 15666. 16687. 16864. 16524.
16186. 16186. 16224. 16256. 16255. 16721. 17581.
16270. 16642. 16656. 16666. 16676. Religiositati 0501100 6556.
16665. 16661. 16666. 16405. 16476. Religiosorum animus 7484.
16466. 16501, 16562. 16566. 16565. Religiosorum desideriis 11982.
16538. 16551. 16726. 16727. 16760. Religiosorum fratrum 7220. 6166.
16766. 16762. 16821. 16856. 16655. Religiosorum locorum 8180.
15657. 16875. 16686. 16666. 16620. Religiosorum tranquillitati 15667.
16626. 16640. 16661. 16678. 16680. Religiosorum 01101515 7611.7602. 14754.
17000. 17014. 17166. 17120. 17122. 1570616967. ’
17148. 17156. 17158. 17206. 17226. Religiosorum 001101206612669. 16668.
172945.17614.17317. 17651. 17662. 14601. 16266.
17415. 17452. 17485. 17501. 17502. Religioaos 01105 11671. 12765.
17506. 17521. 17562. 17572. 17576. Reliquias ecclcsiae 2161.
17586. 17561. 17606. 17607. 6551 dolendam 55515110 6440.
651151οο015 011515 protessis 9962. 6511100515 55 550 2516.
seuam sanes 0055. sacr. 015515 filio mco 110.
Religiosi 0111 7606. 14166. Remeante Pollione 785.
65551501055015511101122.1284.2628.4641. 6551555150 55 550 2529.
4665. 5264. 5618. 5624. 5626. 5646. Remeantibus ed 500466.
5667. 5780. sals. 5866. 5666. 5615. Remeantibus 505106112.
5689. 6004. sols. 6025. 6064. 6048. 65151510555150051515156141.
6072. 6076. 6098. 6128. 6161. 6162. 65511ῃί05515 0050155101550 2416.
61680. 6151. 6166. 6160. 6226. 6260. 65511111 culpa de Petro 622 Add.
6264. 6265. 6267. 6258. 6266. 6616. Reos sanguinis 1652.
6669. 6366. 6366. 6412. 6696. 6755. 6555111550 Τ1105101551 646.
6768. 6691. 6658. 6685. 6663. 7006. 6551515111 501 gaudio 682. 6615.
7014, 7044. 7048. 7052. 7071. 7079. Reprehensibilc ost 9942.
7662. 7141, 7288. issi. 7532. 7588. Requirentibus nobis 11618.
7626. 7686. 7755. 8055. 7668. 6059. Requiaisti de his 1964.
8176. 8161. 8261. 6250. 8257. 6266, 6555101011 55051515 17646.
6355. 6505. 8549. 8670. 8694. 8726. 65551010ῐί0 0 5051016657.
8724. 8741. 6747. 8802. 8627. 8674. 6555101050 iudicium 4055.
8964. 6697. 6000. 6005. 6008. 6012. 6555101011 0 nobis 14114. 15165.
6016. 9020, 6021. 6026. 9627. soal. 6555101011 pia tua intentio 661.
’ 9066. 9046. 9047. 9049. 6051. 6057. 655510101115016767.
6064. 6065. 6066. 9071. 6075. 9092. Rerum 511555105151506722.
9102. 6111. 9116. 9166. 9175 6191. Rerum gestarum 6640. 8646. 8618. 6217.
6164. 9236. 9251. 6254. 9262. 9607. 9666. 9762, 9749.
5015. ceos. 0000. sios. 0115. oisc. 6515151115150411011.
9466. 6566. 6572. 9586. 6616. 6626. 650 admiratione digna 6669.
6644. 9676. 9708. 9716. 9729. 6760. 650 admirationi digna8639. 14906.
9761. 6742. 9768. 6776. 9822. 9869. 650 admiratu di 514606.
9622. 9629. 9662. 9635. 10018. 16657. 650 5015515515 101505 660.
10069.10216.10224.10244.1024610252. 650 550 valde 2651.
10275.10287.10622 106601068110688. 650155511550 nobiscum 2606.
10369510360. 10664. 10426. 10455. Resipiscantibus fratribus 1960.
10460. 10566. 10615. 16642. 10721. Respectus utilitatis 16250.
16767. 16843. 19850. 11079. 11067. Respondete epistolis 1111.
11120. 11147. 11187. 11677. 11676. Respondere litteris 0501110 1045.
11657. 11892. lasso. 12455. 12472. Responsalium 55011015151668.
12750. 12696. 16116. 16622. 14661. Retro maioribus tuis 666.
15667. 16052. 16113. 16114. 16115. 6555515515051012622.16601.

Retulit nobis Α. 16624.

Retulit uobis G. 16102.

Retulit nobis dilectus 15172. 15177.
Retulit nobis 6515501550 4486.
6505101515 nobis cst, qualiter 665.
Revera iustus 2780.

6005155505 sacerdotali 2762.
Reverentiasimum 11511515 2622.
650515511οε15150 frater 16961714. 5455.
Reversus a 0501110 2466.
6505115515 siquidem 5877.
Revertentes cd 550 2414.
6501111515 0155151515111 1665.

Rex et 7804.

Rieb i Γ11551555οἰ0 abbatis 6164.
Richardum vestrae 6227.
6151151550 711555550106195.
6151155515 abbatem 4660. 4661.
Rivipollense monasterium 7744.
65551150 55 14228. 15216.
Rogabas, ut presbytero 4616.
Rogamus vos omnes 4697.

Romae in generali 55551115 7649. .
Romana, cui Deo 650.

Romana ccclesia iam dudum 4826.
65510555 05510 auctoritas 15016.
Romano pontifici 2578.
Romanorum utilitum 10626.
65515550 eccesiae 'thianensis 1016.
6515511110 0150 65551150.
Rotbomagensi archiepiscopo 11716.
Rufinus vir magnificus 942.
Rumor, quem 6248.

6511151515 551150 4777.

Rursus acceptis dilectionis 564.
Rursus quidam 17649.

Sabaunum episcopum 6158.

· Sabbata ieiunandum 180 α.

Sacer ordo 7654.

Sacerdos 51115 omnia 1657.

Sacerdos ille 6. 6691.

Sacerdotalcm curam 6276.

6555155155 proculdubio 1586.

Sacerdotali sollicitudini 8466.

Sacerdotalia officii 6062.

Sacerdotalis ordinis 6666.

Sacerdotibus autem 8956.

6055155111 01 regni 6056.

Sacerdotis culminia 5146.

6055155155 dictumque clericorum 18.

Sacra templi militia 15885.

asca 050111 5151510 7465.

Sacrae 5505115510 4207.

Sacrae scriptume 5650106550 16658.

Sacrae scripturae testimonio 9666. 18861.

Sacram vestram synodicam 266.

Sacri apostolatus 4251.

Sacrificium non 501 164.

mensuum 50511.

Sacrile 5005 51 5511110 8266.

Sacris 'minibus 2286.

Sacris vestrae 3066.

Sacrorum canonum 5446.

Sacrorum itaque 2926.

Sscrosaucta. . . 16264. 16719.

Sacrosancta apostolica 6947.

Sacrosancta 55515010 5501 100.

Sacrosancta religio, quaa 735.

Sacrosancta Romana 5256. 7291. 7266
7271. 7364. 7426. 7629. 7856. 7884.
8086. 8604. 9606. 9772. 9864. 10088.

 

