Goneordantia numerorum.

Ed. L* Ed. 11. 4:71. 1. Ed. 11. Ι ΜῊΙΙ.

734 7333 737 7737
373 344 733 7733 737 7737
373 337 377 343 733 7737 733 7733
377 334 373 343 7333 737 7733 734 7733
377 333 373 347 7343 733 7734 733 7733
373 333 333 343 7347 733 7737 733 7733
374 2 337 337 7 949 1044 743 7737 737 7 7737
373 333 337 333 7343 747 7733 733 7737
373 333 333 333 7337 747 1109 799 1199
377 337 334 334 7334 743 7737 333 7333
373 337 333 7374 7333 744 7733 337 7734
373 333 333 337 7333 743 7733 337 7733
333 334 337 334 7337 743· 7773 333 7733
337 333 333 333 7333 747 7777 334 7737
337 337 333 333 7333 743 1119 909 1199
999 999 940 1009 ⁶ 1091 749 1113 909 1199
994 900 347 1019 1099 790 1114 007 1170
999 904 6419 1009 1099 791 1119 909 1171
999 909 9410 7333 333 799 1119 909 1179
997 909 949 999 1001 799 1117 910 1179
999 909 949 7373 7333 734 7773 911 1174
999 907 944 999 1019 799 1119 919 1179
990 910 949 997 1017 799 1190 813 1179
991 911 949 977 991 797 1191 914 1177
999 919 947 999 994 799 1199 919 1179
999 919 949 999 999 799 1199 919 1179
994 914 949 1090 ¹1099 ,733 7774 377 7733
333 373 333 1094 1097 791 1199 919 1199
999 919 991 1099 1099 799 1199 919 1199
997 919 999 1099 1099 799 7777 373 7733
333 373 333 7373 7373 734 7773 377 7733
333 917 994 1004 1071 765‘1199 377 7737
900 990 999 999 1079 799 1130 999 1194
901 991 999 999 7374 737 7737 374 7733
337 377 337 374 7373 733 7733 373 7733
333 373 333 337 7 7373 733 7737 373 7737
334 374 333 333 7373 773 7733 377 7737
333 373 333 337 7373 777 7734 373 7733
333 373 337 7373 7333Ι 777 7733 373 7734
337 377 337 7377 7337 773 7733 333 7733
333 373 333 333 7333 774 7737 337 7733
333 333 334 333 7334 779 1199 999 1197
910 991 999 1003 1099 779 1199 999 1199
911 337 333 333 7333 777 7743 334 7733
377 333 997 970 1097 779 1141 999 1900
919 994 999 991 1077 779 1149 999 1901
914 333 999 1033 1099 790 1149 997 7737.
373 333 373 979 1099 791 1144 999 1909
919 997 971 990 1099 799 1149 333 7734
- - 3773 7337 7333 733 7743 343 7733
373 333 377 7333 7337 734 7747 347 7733
373 333 373 7337 7337 733 7743 347 7737
373 343 374 333 7333 733 7743 343 7733
‘ 991 941 979 994 1099 797 1190 944 1909
999 949 979 971 ⁶ 1099 799 1191 949 1910
999 949 977 999 1097 799 1194 949 7777
374 373 373 7377 7333 733 7733 347 7777
Ratun Pon& Romu. 94. m. 71. 82

 

