concordantia numerorum.

¹. 16.1.Ι111.11. ..Ι ..

1644 . 1166 11613
1646 11431 1163 11613
1646 11433 1166 11611
1641 11434 1161 11611
1643 11436 . . 1161 11616
1643 11436 1163 11611
1666 11431 ⁶ 1164 11613
1661 11436 . 1166 11636 11131
1661 Ι 11416 1166 11631 11131
1663 11446 1161 11631 11133
1664 11446 . 1163 11633 11134
1666 11441 .. 1163 11636 11133
1666 11443 . 1116 11636 11133
1661 11466 · . 1111 11631 , . 11990
1663 11461 . 1111 11633 ⁶ 11361
1663 11461 1113 11634 · 11361
1666 11463 ” 1114 11633 · ‘ 11363
1661 11466 1116 11643 11366
1661 11466 . 1116 11644 11131
1663 11461 . 1111 11646 11361
1664 11466 ,1 1113 11646 . 11363
1666 11466 . 1116 11641 · 11363
1666 11461 . . 1136 11646 11666
1661 11466 .. 1131 11661 . 11316
1663 11461 . . 1131 11661 11311
1663 11463 1133 11666 ” 11313
1616 11413 1134 11661 11314
1611 11411 1136 11663 ¹ 11815
1611 11416 1136 11663 · 11316
, 1613 11411 . 1161 11666 . 1 11311
1614 11413 = .1 1133 11661 ,. ε. 11313
1616 11366 5. 1163 11661 ” . ” 11311
1616 11433 . 1136 11663 . 11311
1611 11434 . 1131 11664 .. 11313
1613 11463 1131 11666 11314
· 7679 11466 . .. 1133 11436 Ι1 11316
1636 11436 . . 1134 11666 . 11316
1631 11431 ⁹. ‚⁶ 1136 11661 ”. 11613
1631 11666 . 1136 11666 ”.. 11336
1633 11434 . 7797 11663 . Ι11331
1634 11436 . 1133 11616 ,1. ”. 11331
1636 11436 . 1133 11616 1 ”. 11336
1636 11431 ·’ 1366 11616 ,1 ⁹. 11336
1631 11433 1361 11611 6. . ,1316 11331
1636 11666 .. 1361 11613 1 1316 11333
1633 11661 1363 11613 1311 11346
1636 11661 1364 11636 6· 1313 ³ 11341
1661 11663 1143 Ι 11666 1366 11331 y 7919 Ι 11341
1661 11666 1143 11636 1366 11631 ” 1316 Ι 11343
1633 11666 1166 11631 1361 11634 1311 11344
1634 11663 1161 11661 1363 11636 1311 11346
1636 11663 1161 11663 1363 11631 ·. 1313 11346
1636 11616 1163 11661 1316 11636 ⁹ 1314 11341
1631 11611 1164 11663 1311 11631 “ ”” 1316 11346
1663 11611 1166 11663 1311 11634 ² 1316 11366
1633 11614 1166 11614 1313 11666 1311 11361
1166 11616 1161 11611 1314 11636 · 1313 11361

 

