684 0011016111011 numerorum,

1111. 1 ᾗ. ”Ed 1. 1 1111--11111-11511 111. Ι 11111.
70400 Ιῖ1111 ’705417111ἐο ” — *²* ⁸
10490 17164 10542 17260

10491 17166 10543 17266
10492 17175 10544 17270

Ed. 1. 1 Ed. 11.

. 17385 10646 17529 10698 17634
. 17396 10647 17532 10699 17635
.’ 17404 10648 17535 10700 17636
17405 10649 17536 10701 17637

10494 17178 10546 17274
10495 17180 10547 17282
10496 17181 10548 17283
10497 17182 10549 17285
10498 17185 10550 17287
10499 17186 10551 17289

17409 10651 17552 10703 17639

17410 10652 17553 10704 17640

17414 10653 17556 10705 17641

‘ 17415 10654 17561 10706 17642

” ‘ 17420 10655 17562 10707 17643

16921 10656 17566 10708 17644
10500 17187 10552 17290

10501 17188 10553 17291

10502 17189 10554 17295 “
10503 17190 10555 17299 “
10504 17191 10556 17300

10505 17192 10557 17301

17422 10657 17569 10709 ³ 16636

' 17423 10658 17572 10710 17019
17424 10659 17574 10711 17645
17425 10660 17575 10712 17646
17429 10661 17576 10713 17648

· 17435 10662 17579 10714 17651
17443 10663 17580 10715 17653
17447 10664 17582 10716 17654
17450 10665 17587 10717 17655
17451 10666 17588 10718 17656
17455 10667 17593 10719 17657
17456 10668 17596 10720 17644
17458 10669 17598 10721 17658

· 17462 10670 17600 10722 17660

’ 17470 10671 17602 10723 17661
⁶ 17471 10672 17604 10724 17662

10506 17194 10558 17302

10501 11105 10550 Ι 11151

10503111100 10510 11305
10503 11100 10511 11301
10510 11101 10511 11303
10511 11103 10513111311
10511 11104 10514 11313
10513 11105 10515 11311
10514 11101 10511 11311
10515 11101 10511 11310
10511 11111 10511 11311
10511 11110 10510 11311

10518 17212 10570 17323

17473 10673 17605 10725 17663

'“ 17475 10674 17606 10726 17664
‘⁸ 17478 16675 17608 10727 17665
'2 17482 10676 17609 10728 17666
⁶· 17484 10677 17612 10729 17667
“ 17485 10678 17639 10730 17668

10519 17213 10571 17324
10520 17215 10572 17326
10521 17217 10573 17331

10522 17219 10574 17332 17487 10679 17613 10731 17669

10523 17220 10575 17333 ’ 1 17488 ’ 10680 17614 10732 17670
10524 17221 10576 17334 . . 10681 17615 10733 17649

101141 11111 10511 11335 ²· ‘⁸ 11111 11111 10134 11111
10515 11113 10511 11311 ’ 10113 11111 10135 11140
10511 11111 10510 11503 ., 10114 11110 10131 11111
10511 11111 10510 11343 1 -ε, 10131 11151 10131 11113
10113111111 10511 11341 11 . 10131 11110 10131 11114
10110111110 10511 11351 10111 11111 10130 11130
10530111130 10133 11315 :¹ ² 10151111111 10140 11115
10131 11141 10514 11351 · 10130 11113 10141 11051
10531 11141 10511 11311 1 10100 11114 10141 11115
10513 11143 10531 11313 1 f: 10111 . 11115 10143 11053
10534 11144 10531 11315 . 10101111111 10144 11140
10515 11145 10511 11311 · . 10103 11111 10145 11150
10531 11141 10510 11311 10104 11111 10141 11111
10511 11141 10500 11311 ⁶ 10105 ’ 11110 10141 11111
10133 11154 10501 11311 f . 10101 11131 10141 11111

10530 11151 10501 11311 ·· ,1 10101 11133 10140 11110
10540 11151 10503 11313 ’ 1

10493 17177 10545 17272 . 17406 10650 17537 10702 17638
r

 

