550 Oonoordantia numerorum.

154.1.'154.11 Ι ΕΜΙΕΜΙ. Ι 7167675611. .. ..
6666 7 6466 6666 6666 6666
6666 6466 6666 6666 6646
6666 ¹ 5455 5554 5551 6646
6666 6466 6666 .6 6666 6646
6666 6466 6666 6666 5545
6666 5451 6666 6664 5554
6666 6466 6666 6666 5555
6666 5455 6666 6666 6666
6666 6464 6666 66666 6666
6664 64666 6666 6666 5551
5555 5450 5555 . 6666 6666
6666 6466 6666 6666 6666
6666 6466 6664 6666 6666
6666 6466 6666 5551v 6666
6666 6464 6666 6666 6666
6666 6466 6666 6666 6666
5551 6466 5555 . 5554 6666
6666 6466 6666 6666 6666
6666 5454 5545 5555 5555
5554 5455 5541 5555 6666
6666 6466 6646 6666 6664
5555 5450 5545 6666 6666
6666 6466 6644 6666 6666
6666 6466 6666 5501 5555
5555 5454 5545 6666 6666
6666 6466 6646 6666 5550
5551 6466 6646 6664 6666
6666 6666 6646 6666 6666
6666 6666 6666 6666 6666
6664 5413 5551 5505 5554
6666 5414 6666 6666 6666
6666 6666 6666 6 6666 6666
6666 6666 6664 ,6 6666 6666
6666 6666 6666 . 6666 6666
6666 6666 6666 0 6666 6666
6666 6666 6666 6666 6666
6666 6666 6666 „¹ 5514 5505
6666 6666 6666 6666 6666
6666 6666 6666 6666 6666
6664 6666 5551 6666 6666
6666 6666 6666 6666 6664
6646 6666 6666 6666 6666 6666 6666
6666 6464 6666 6666 6664 6666 6666
6466 6666 6664 6666 6666 6666

6666 j 5455 5505 5555 6666 6666
6666 6 6466 5510 6666 6666 6666 6666
¹ 5554 6 6446 6666 6666 6666 6664 6666
, 6666 4 5445 6666 6666 6666 6666 , 6666
6666 6446 6666 6666 6666 6666 6666 6666
6666 6444 6664 6666 6666 6666 6666 6666
6666 6446 6666 6666 6666 6666 6666 6 6666
6666 6446 6666 6664 6666 6666 6666 6664
6666 6466 6666 6666 6664 ³ 5550 5550 5555
5551 5451 5515 5555 5555 f 5551 5551 5541
5555 5455 5515 5540 5555 5541 5555 0545

6564 5454 5551 5542 6678 5545 5534 5555

6666 6466 6666 6646 6666 Ι 6666 6666 6664

 

