concordantia numerorum. 671

.. 99919999. Ι 999. Qu.

*6963 16262 9999 99999

9999 9999 9949 “1661ss-

6793 9867 6850 10014 6964 10237 7021 10352
6794 9869 6851 10015 6965 10240 7022 10356

6795 9870 6852
6796 9871 0853
6797 9872 6854
6798 9873 6855
6799 9875 6856
6800 9876 6857
6801 9877 6858
6802 9879 6859

99999 9999 99949 9999199999
99999 9999 99999 9994199999
99999 9999 99994 9999 Ι 99999
99994 9999 99999 9999 99999
99999 · 9999 99999 9999 99999
99999 9999 99999 9999 99999
99999 9999 99999 9999 99999
99999 9999 99999 9999 99999
99999 9994 99994 9999 99999
99999 9999 99999 9999 99999
99999 9999 99999 9999 99999

9999 9999 9999
9994 9999 9999
9999 9999 9999
9999 9999 9999
9999 9999 9994
99991 9999 9999
9999 9999 9999
9999 9999 9999
9999 9999 9999
9999 9999 9999
9999 9999 9999
9994 9999 9999

99999 9999 99999 9994 99994
99949 9999 99999 9999 99999
99949 9999 99999 9999199999
99949 9999 99999 9999 99999
99949 9999 99999 9999 99999
99999 ‘ 9999 99999 9999 99999
99999 ⁶ 9999 99999γ 9949 99999
99999 9994 99999 9949 99499 ·
99994 · 9999 99999 9949 99499
99999 9999 99999 9949 99499
99999 9999 99999 9944 99499
99999 9999 99999 9949 99499

6815 9930 6872
6816 9941 6873
6817 9935 6874
6818 9936 6875
6819 9937 6876
6820 9938 6877

10063 6989 10303 7046 10414
10064 6990 10206 7047 10416
10065 6991 10304 7048 10419
10066 6992 10308 7049 10420
10067 6993 10309 7050 10422
10068 6994 10310 7051 10423

6821 9943 6878
6822 9949 6879
6823 9950 6880
16824 9951 6881
6825 9963 6882
6826 9964 6883

10069 6995 10311 7052 10424
10070 6996 10313 7053 10427
10071 6997 10316 7054 10430
10072 6998 10317 7055 10432
10073 6999 10318 7056 10436
10074 7000 10319 7057 10390

6827 9966 6884
6828 9969 6885
6829 9970 6886

6830 9971 6887 10076 7001 10321 7058 10530

10077 7002 10307 7059 10437
10078 7003 10326 7060 10438

6831 9972 6888
6832 9973 6889
6833 9974 6890
6834 9975 6891
6835 9979 6892
6836 9980 6893

10081 7004 10327 7061 10439
10082 7005 10328 7062 10468
10084 7006 10335 7063 10440
10087 7007 10336 7064 10441 ,
10088 7008 10339 7065 10442
10089 7009 10340 70659 10443

6837 9984 6894
6838 9989 6895

9999 9999 9999 99999 1 9999 99949 9999 99444

10198 ¹ 7011 10342 7067 10008
10092 7012 10343 7068 10445

6840 9997 6897
6841 9998 6898

6842 9999 6899 10094 7013 10344 7069 10446

10097 7014 10345 7070 10580
10102 ⁸ 7015 10346 7071 10143

6843 10000 6900
6844 10006 6901

6845 10007 6902 10103 7016 10347 7072 10463

10107 7017 10348 7073 10464
10108 7018 10217 7074 10465
10109 , 7019 10349 7075 10469

6846 10009 6903
6847 10010 6904
6848 10012 6905

 

