5946
5949
5950
5951
5952
’ 5953

0004 l

5955
5956
5957
5958
5959
5960
5961
5962
5963
5964
5965
5966
5967
5968
5969
5979
5971
5972
5973
5974
5975
5976
5977
5978
5979
5980
5981
5982
5983
5984
5985
5986
5987
5988
5989
5990
5991
5992
5093
5994
5995
5996
5997
5908
5999
6000
6001
6002
6003
6004

8396
8397
8398
8399 “
8400
8401
8402
8403
8404
8405
8406
8407
8408
8410
8411
8413
8414
8419
8417
8418
8420
8421
8422
8424
8426
8428
8429
8430
8431
8433
8435
8436
8437
8440
8441
8442
8443
8445
8446
8447
8449
8450
8451
8453
8454
8456
8457
8458
8460
8461
8462
8466
8470
8475
8476
8477
8479

00770074οη60 nummorum.

61036 0070
0704 0070
070010074
0700 0070
0707 0000
0700 6661
6166 0000
6110 6666
6111 6661
0770 0000
07707 6660
6116 8684
0774 0000
0770 0077

0700
0700
0704
0700 0 0770
0700 0 6777
6167 6761
6166 0700
0707710703
6170 ⁴ 6766
0777 0 6766

8769

8773

8772

7
Ι
7
6 .
4.

‘1

4

ί

6224
6225 8886

6226 8891

6227 8892
6228 8893

 

