011111111161 numerorum.

—.............-...—.-.......-.......—.....
111. 1. 4 11. 11. 11111111, Ι 1111.. 1111. 111. 1. 4111. 11. Ι 111. 1. y 11. 11.

-.——-——-—-

010 1111 111 1111 1111 1 1111
141 1114 111 1111 1111 1111
111 1111 111 1111 1111 1111
111 1111 111 1114 1111 1111
·111 1111 111 1111 1111 1111
111 1111 111 1111 1114 1111
114
111
111

1111 111 1111 1111 1114
1111 111 1111 1111 1111
1111 111 1111 1111 1111
1111 114 1111 1111 1111
1111 111 1111 ⁶ 1111 1111
1111 111 1111 , 1111 1111
1114 111 1114 1111 1411
1111 111 1111 1111 1141
1111 111 1111 1111 1411

111
111
111

γ111
111
111

1111 111 1111 ’ 1111 1411

863 1111 111 Ι 1111 1111 1414

864

866
867
868
869
870
871
872

1230 923 1361 ’ 1037 1406
1231 924 1270 ’ 1038 1342
1232 925 1290 1039 1407
1233 926 1291 1040 1408
1234 927 1292 1041 1413
1235 928 1293 1042 1414
1236 929 1294 1043 1400
1237 930 1295 1044 1410
1238 931 1296 1045 1694
1240 932 1297 1046 1411
1241 933 1298 1047 1412
1425 934 1299 1048 1415
1242 935 1300 1049 1416

873
874
875
876
877
878
879
880
881

1141 111 ¹ 1001 1050 1411
1114 111 1111 1111 1411
1141 111 1111 . 1111 Ι1411
111 1141 111 1114 1111 1411
. 111 1141 141 1111 1114 1411
114 1 1141 141 1111 1111 1411
111 1 1141 141 1111 1111 1411
111 · 1250 141 1111 1111 1414
111 0 1111 144 1111 · 1111 14111
111 1 1111 141 1111 1111 1411
111 1111 141 1111 1111 1411
111 1114 141 1111 1111 1411
111 1111 141 1111 1111 1111
111 1111 141 1114 , 1111 1411
111 1111 050 1315 1114 1114
· 114 1111 111 1111 1111 1411
111 1111 111 1111 1111 1411
111 1111 111 1111 1111 1411
111 1111 114 1111 1111 1411
111 1111 111 1111 1111 1411
111 ι 1111 111 1111 1111 1441
111 1 1111· 111 1111 1111 1441
111 2 1111 111 1114 1111 1411
111 1114 111 1111 1111 1411
111 1111 111 1111 1114 1441

904 1267 961 1327 1075 1443

111 1111 111 1111 1111 1411
1

 

