00100100100 numerorum.

0999 8894

0990 8895 22222 2222

2222 2222 2222 2222

2222 2222 2222 2222

2222 2222 2222 2224

2224 2222 2222 2222.

2222 2222 Ν 2222 2222

2222 2222 2222 2222

2222 2222 2222 2222

2222 2222 2222 2222

2222 2224 2224 2222

2242 8918 0990 2224

2242 2222 2222 2222

2242 2222 2222 2222

2242 2224 2222 2222

2244 2222 2222 2224

2242 2222 2222 2222 .

2242 2222 2222 2222

2242 2222 2222 2222

2242 2222 2222 2222

2242 2222 2224 2222

2222 2222 2222 2222

2222 2222 2222 2242

2222 2222 2222 2242

2222 2242 2222 2242

2224 2242 2222 2242

2222 2242 2222 2222

2222 2242 2222 2222

2222 2242 2222 2222

2222 2242 2222 2222

2222 2242 2224 2222

¹ 0900 8900 2222 2222

2222 2222 2222 9001

22222 2222 2222 2222

2222 2222 2222 2222

2222 2222 2222 2224

2224 2222 2222 2222

2222 2222 2222 2222

2222 2222 22222 2222

2222 0 8909 09910 2222

2222 Ι 2222 2222 2222
, 2222 2222 2222 2222
2 2222 2222 2224 2222

2222 2224 2222 2222

2222 2222 2222 2222
2224 2222 2222 2422 2222 ·
2222 2222 2222 2222
2222 2222 2222 2222 2222
2222 2222 2222 2222 2222
2222 Ι 2224 ‘ 2222 2224 2222 2222 2222 2222
2222 2222 2222 9 2222 2222 y 9191 2222 “ 2222
2222 2222 2224 2222 089019199 0009 9901
2222 2222 2222 2222 2222 2222 2224 2222
2222 2222 2222 2222 0999 2222 2222 2222
2222 2222 2222 2222 2222 2222 2222 2224
2224 2222 0898 2224 2224 2222 2222 2222

9088
6498 9354

9187 6499 9355
9189 · 6500 9356

2222 2222 2222 2222 ‘ 2422 0 2222

 

