344 424 444 243 .
344 422 442 222
284 344 428 443 233 44244 442

342 423 444 483 438 224
244 348 484 444 483 443 424
242 343 482 444 ·238 444 443
233 334 ff 551 407 224 444 242
244 344 483 448 234 442 242
234 342 , 484 444 242 443 422

234 343 1 484 444
242 344 484 444
238 343 482 442
244 344 388 423 t 244 - -
344 342 483 444 422 448 242
344 348 444 444 , 428 443 243
342 333 334 444 4 428 424 234
343 344 332 442 484 424 1 755
304 351 553 413 575 422 = 755
305 342 433 444 488 423 242
344 343 443 424 443 424 s 242
342 344 444 424 224 424 2 751
303 355 501 422 248 424 ι 243
344 344 442 423 224 422 244
344 342 443 424 238 428 244
344 4 434 348 444 424 223 423 244
342 434 343 448 424 244 484 248
343 332 324 443 422 448 484 248
344 438 4 324 442 428 444 482 224
344 333 322 443 424 433 483 222

484 444 2 144
434 444 ' 745
555 455 745

315 540 323 443 434 448 484 223
342 344 324 444 434 228 483 774
313 442 324 442 432 222 484 223
343 443 324 448 433 334 482 222
324 444 322 244 434 442 488 228
324 443 328 423 4344 448 483 223
322 444 324 424 434 444 434 284
323 342 384 424 434 344 444 284
324 448 384 422 432 482 442 282
323 443 382 244 438 1 713 453 283
324 444 - - 433 434 434 284
322 442 384 424 444 234 433 283
328 343 384 424 444 238 434 284
323 444 384 422 442 243 442 282
334 443 382 l 432 4424 443 448 288
334 444 388 ι 424 443 444 433 284
332 4 332 383 428 444 442 444 244
333 338 344 434 444 232 444 234
334 433 334 434 444 234 442 242
334 444 332 432 442 484 343 ι 233
334 444 333 438 448 482 344 234
332 1 553 334 444 444
338 443 344 444 434
334 424 344 444 ¹ 451
340 573 397 557 432 244.244 348 248
344 423 338 244 433 232 444 243
342 4 424 Α 334 443 444 Ι 244 344 844

488 444 233
233 344 244
483 442 4 242

 

