concordantia numerorum.

ΜΝ. 11. 1111. §.m 11. J 1161. [aa. 11. Ι 1111. k 11611. 1111. 11611.

——--—-— - — ..—..-—-—.——.-—.

9920 15874 9977 10034 16136 10091 16287 10147 16411
9921 15880 9978 10035 16139 10092 16288 10148 16412
9922 15882 9979 10036 16119 10093 16289 10149 16415
9923 15883 9980 10037 16142 10094 16290 10150 16420
9924 15886 9981 10038 16143 10095 16291 10151 16423
9925 15890 9982 10039 16144 10096 ,16294 10152 16425
9926 15891 9983 . 10040 16147 10097 16295 10153 16427
9927 15892 9984 “ 10041 16148 10098 16298 10154 16429
9928 15894 9985 10042 16154 10099 16305 10155 16434
9929 15895 9986 10043 16155 10100 16306 10156 16436
9930 15900 9987 10044 16156 10101 16307 10157 16437
9931 15901 9988 10045 16157 10102 16308 10158 16439
9932 15906 9989 10046 16159 10103 16315 10159 16440
9933 15907 9990 “ 10047 10160 10104 16322 10160 16441
9934 15914 9991 10048 16161 10105 16323 10161 16442
9935 15916 9992 Ι· 10049 16162 10106 16435 10162 16443 ¹
9936 15917 9993 10050 16165 10107 16325 10163 16448
9937 15918 9994 10051 16166 10108 16327 10164 16453
9938 15922 ·0995 “ 10052 16167 10109 16328 10165 16459
9939 15925 9990 10053 16173 10110 16329 10166 16466
9940 15926 9997 “ 10054 16176 10111 16330 10167 16470
9941 15927 9998 10055 16177 10112 16331 10168 16471
9942 15928 9999 “ 10056 16178 10113 16332 10169 16473
9943 15930 10000 “ 10057 16179 10114 16333 10170 16474
9944 15934 10001 10058 16181 101146 16335 10171 16481
9945 15935 10002 “ 10059 16183 10115 16341 10172 16482
9947 15534 10004 10061 16185 10117 16350 10174 16499
9948 15943 10005 10062 16186 10118
9949 15944 10006 “ 10063 16188 10119
9950 15945 10007 10064 16193 10120
9951 15950 10008 10065 16199 10121
9952 15953 10009 ” 10066 16200 10122
9953 15960 10010 10067 16203 10123
9954 15961 10011 10068 16202 10124

16353 10175 16500
16355 10176 16501
16356 10177 16505
16360 10178 16506
16361 10179 16507
16362 10180 16508
16363 10181 16511
16365 10182 16512
16366 10183 16514
16367 10184 16519

9955 15969 10012 10069 16204 10125
9956 15970 10013 ” 10070 16207 10126

9957 15971 10014 10071 16208 10127
16372 10185 16522

16164 16166 16616
16316 16161 A 16616
16313 16166 1 16646
16316 16166

9958 15972 10015 10072 16224 10128
9959 15978 10016 10073 16225 10129
9960 15979 10017 10074 16227 10130
9961 15980 10018 ² 10075 16230 10131
9962 15981 - 10076 16233 10132
9963 15982 10020 10077 16238 10133
9964 15985 10021 · 10078 16246 10134

16646
16311 16166 16641
16316 16161 16646

9946 15938 10003 10060 16184 10116 16344 10173 16492

16549
16550
16552
16553
16554

16380 10192
10387 10193

6666 16666 16611 · 16616 16161 16136
6666 16661 16613 16114 16666 16166 16166
6661 16666 16614 16116 16661 16166 16131 16366 16164
6666 16666 16616 16116 16661 16166 16136 16366 16166
6666 J 16663 16616 V 16116 16663 16161 16166 16661 16166
6616 16664 16611 16111 16664 16166 16146 16661 16161
6611 16666 16616 16111 16666 16114 16141 16366 16166
6611 16666 16616 16116 16666 16116 16141 16366 16166
6613 16661 16636 16114 16661 16116 16143 16466 16166
6614 16663 16631 16116 16666 16111 16144 16461 16161
6616 16664 16631 16116 16666 16116 16146 16463 16161

9976 16005 10033 16135 10090 16279 10146 16404 10203

16555
16556
16558
16562
16563
16564
16568

 

