concordantia numerorum.

. 66666] 66666
Ν 2332 3633
2663 ; 3436 2363 3632
2636 3 3436 2334 3633
2633 3 3436 2336 3634
2632 3433 3 2336 3636
2633 3436 2333 3636
2634 Ι 3433 : 2366 6 3633
2636 3432 2336 3633
2636 3433 2336 3633
2633 3434 2363 3646
2633 3436 3 2332 3643
2633 3466 3· 2333 3642
2636 3433 3 2334 3643
2633. 3433 2336 3644
2662 3433 2336 3646
2633 6436 2333 3646
2664 3433 · 2333 3643
2636 3432 2333 3643
2636 3463 2366 3663
2633 3436 2363 3662
2633 3433 2362 3663
2633 3433 . 2363 3664
2636 3666 2664 3666
2633 3663 2366 3666
2632 3662 3 2366 3663
2633 3666 2663 3663
2664 3663 2363 3666
2636 3663 2363 3663
2636 3636 3 2336 3662
2633 3633 . 2633 3663
42636 3632 - , 2632 3664
2633 3633 2333 3666
2366 3634 2334 3666
2363 3636 2336 3663
2362 6636 2336 3663
2363 3633 2633 3636
2364 3626 · 2333 3633 -
2366 3623 2333 3632
2366 3622 3 2326 3633
2363 3663 3 2323 3634
2363 3623 3 2622 3636
,2366 3626 3. 2323 3636
2336 3626 2324 3636
2333 3636 2626 3632
2332 3632 2326 3634
2333 3633 2323 3636
2334 3634 2326 3636
2336 3636 2623 3633
2336 3633 3 2336 3636
2333 3633 2333 3633
2333 3636 3 2332 3636
2333 3644 3 3333 3331
2326 3643 33 2334 3632
2323 3643 3 2336 3633
2322 3666 33 2636 3634
2323 3663 3· 2333 3636
2324 ι 3664 2336 -3633

 

