concordantia numerornm'.

4313 6633 4661
4666 6666 4616 6611 4661 6116 4666 6661 6646 6666
4661 6661 4616 6616 4666 6114 4666 6666 6646 6666
4666 6446 4611 6661 -4666 6111 4666 6666 6641 6611
4666 6666 4616 6666 4664 6116 4661 6664 6646 6616
4664 6666 4616 6664 4666 6166 4666 6666 6646 6616
’ 4666 6 6666 4666 6666 4666 6161 4666 4 6666 6666 6 6614
4666 6664 4661 6661 4661 6166 4664 6661 6661 6616 ,
46616666 4666 6666 4666 6166 4666 6666 6666 6616
4666 6661 4666 6664 4666 6161 4666 6666 6666 6611
4666 6666 4664 6666 4646 6166 4661 6666 6664 6616
46661 6646 4666 6666 4641 6161 4666 6666 6666 6616
’4666 6661 4666 6661 4646 6166 4666 6666 6666 6666
4661 6644 4661 6666 4646 6166 6666 6666 6661 6661
4666 6646 4666 6666 4644 6146 6661 6646 6666 6666
4666 6646 4666 6646 4646 6141 6666 6646 6666 6666
4664 6641 4666 6641 4646 6146 6666 6644 6666 6664
4666 6646 4661 6646 4641 6161 6664 6646 6661 6666
4666 6646 4666 6646 4646 6166 6666 6646 6666 6666
4661 6661 4666 6646 4646 6166 6666 6646 6666 6661
4666 6666 4664 6646 4666 6164 6661 6666 6664 6666
4666 6666 4666 6641 4661 6166 6666 6666 6666 6666
4646 6664 46661 6646 4666 6116 6666 6664 6666 6666
4641 6666 4666 6661 4666 6111 6616 6661 6661 6661
4646 6661 4661 6666 4664 6116 6611 6666 6666 6666
4646 6666 4666 6664 4666 6114 6616 6666 6666 6666
4644 6666 4666 6666 4666 6166 6616 6661 6616 6664
4646 6666 4666 6666 4661 6111 6614 6666 6611 6666 ¹
4346 6666 4661 6661 4666 6116 6616 6666 6616 6666
4641 6664 4666 6661 4666 6161 6616 6664 6616 6646
4646 6666 4666 6666 4666 6166 6611 6666 66161 6641
4646 6666 4664 6666 4661 6164 6616 6661 6614 6646
4666 6661 4666 6664 4666 6166 6616 6666 6616 6644
4661 6616 4666 6666 4666 6166 6666 6666 6616 6646
4666 6611 - 4661 6666 4664 6166 6661 6616 6611 6641
4666 6616 4666 6616 4666 6166 6666 6616 6616 6646
4664 6616 4666 6611 4666 6166 6666 6616 6616 6666
4666 6616 4616 6616 4661 6166 6664 6611 6666 6664
4666 6616 4611 6666 ‘ 4366 6164 6666 6616 6661 6666
4661 6666 4616 6666 4666 6166 6666 6616 6666 6661
4666 6666 4616 6666 4616 6166 6661 6666 6666 6666
4666 6664 4614 6664 4611 6166 6666 6666 6664 6666
4666 6666 4616 6666 4616 6666 6666 6661 6666 6666
4661 6666 4616 6666 4616 6661 6666 6666 6666 6666
4666 6661 4611 6661 4614 6666 6661 6666 6661 6664
4666 6666 4616 6664 4616 6666 6666· 6666 6666 6666
4664 6664 4616 6666 4616 6664 6666 6661 6666 6616
4666 6666 4666 6661 4611 6666 6664 6666 6666 6614
4666 6666 4661 6666 4616 6666 6666 6666 6661 6616
4661 6661 4666 6166 4616 6661 6666 6664 6666 6666
4666 6666 4666 6161 4666 6666 6661 6666 6666 6611
4666 ¹ 6603 4664 6166 4661 6666 6666 6661 6664 6616
4616 6616 4666 6166 4666 6611 6666 6666 6666 6661
4611 6446 4666 6166 4666 6616 6646 6666 6666 6664
46111 6611 4661 6161 4664 6616 6641 6666 6661 6666
4616 6614 4666 6166 4666 6614 6646 6666 6666 6661
4616 6616 4666 6116 4666 6611 6646 6664 6666 6666

 

