662 eoncordantia numerorum.
4444

,Α 55. 11. Ι 54. 1. 4 144. 14 Ι 1431. 445. 11.

44555554 4545 ’5545 4555 5555 4444 5544
4455 5554 4544 5554 4555 5545 4445 5545
5544 4445 5544

5842 4427 5925
5843 4428 5926

4257 5683 4312 5759 4369
4258 ¹ 5684 4313 5760 4370
4259 5685 4314 5761 4371
4260 5688 4315 5765 4372 5844 4429 5928
5846 4431 5930
5847 4432 5889
5849 4433 5935
5852 4434 5004

4262 5690 4317 5627 4374
4263 5691 4318 5766 4375
4264 5692 4319 5770 4376
4265 5693 4320 5782 4377
4266 5694 4321 5771 4378
4267 5695 4322 5772 4379
4268 5696 4323 5774 4380

5853 4435 5937
5854 4436 5938
6112 4437 5940
5858 4438 5942
5859 4439 5943
5860 4440 5944
5861 4441 5945
5862 4442 5949
5863 4443 5950

4269 5697 4324 5776 4381
4270 5699 4325 5777 4382
4271 5700 4326 5778 4383
42715 5702 4327 5779μ 4384
4272 5703 4328 5781 4385
4273 5704 4329 5783 4386
4274 5706 4330 5784 4387
4275 5707 4331 5786 4388
4276 5709 4332 5787 4389

5864 4444 5954
5865 4445 5955
5866 4446 5956
5867 4447 5958
5868 4448 5972
5869 4449 5973

4277 5710 4333 5788 4390
4278 5711 4334 5789 4391
4279 5712 4335 5790 4392
5870 4450 5959
5872 Ἰ4451 6037
5873 4452 5962

4280 5713 4336 5793 4393
4281 5715 4337 5794 4394
4282 5716 4338 5796 4395
5875 4453 5964
5876 4454 5965
5877 4455 5967

4283 5717 4339 5800 4396
4284 5718 4340 5803 4397
4285 5422 4341 5805 4398
4286 5764 4342 5806 4399
4287 5698 4343 5807 4400
4288 5580 4344 5966 4401

5880 4456 5968
5881 4457 5969
5882 4458 5975
5883 4459 5976
5884 4460 5946
5885 4461 5978

4289 5722 4345 5808 4402
4290 5723 4346 5810 4403
4291 5724 4347 5811 4404
5886 4462 5979
5888 4463 5981
5890 44635 5982
5891 4464 5983
5893 4465 5984
5898 4466 5985
5900 4467 5986
5901 4468 5987
5902 4469 5988
5905 4470 5990

4292 5730 4348 5815 4405
4293 5725 4349 5817 4406
4294 5726 4350 5818 4407
4295 5727 4351 5820 4408
4296 5728 4352 5821 4409
4297 5729 4353 5822 4410
4298 5556 4354 5823 4411
4299 5734 4355 5825 4412
4300 5735 4356 5827 4413

43004 5736 4357 5828 4414
5907 4471 5992

5908 4472 5994
5909 4473 5995

4301 5390 4358 5829 4415
4302 5738 4359 5830 4416
4303 5739 4360 5831 4417
4304 5413 4361 5832 4418
4305 5740 4362 5833 4419
4306 5741 4363 5835 4420
4307 5742 4364 5812 4421
4308 5743 4365 5857 4422
4309 5744 4366 5838 4423

5910 4474 5996
5911 4475 5997
5912 4476 6007
5914 4477 6045
5916 4478 5998
5921 4479 5999

4454 Ι 5555 4345 1 5444 4453 5545 4430 1 5545

 

