SPURIA
‘J 1 *Tm-s*

Ed1.31¹11111 Edl.

1
11
111 1.1v

2 56 111 146 111 225
11 Ε 11

5

6

7

57 11 147 1111 226
60 111 146 11111 227
61 1111 149 111111 230

ΙιῙΙΙ

1 111

11 1.v11
111 11111
1111 6 111

62 11111 . 150 1111 231
63 111 151 01. x 241

64 cx 152 1111 242
11 10 11

1 11 111
11 12 1111
111 13 11111

65 111 153 11111 243
68 1111 154 111111 244
69 11111 155 11111 245
74 1111 156 1111 246
78 111 157 11111 247
75 1111 156 111111 246
76 11111 159 1111111 249
60 111111 160 11111 in 241

1111 14 1111
111 15 111

11 16 1.va
xvv 17 11111

1111 16 1111111 61 1111 161 11111 250
11111 19 1.xe 65 cxx 162 11111 265
1111 20 111 66 1111 163 1111111 266
xx 21 1111 67 11111 164 1111111 267
111 22 11111 68 1111111 165 1111111 3 266
1111 23 111111 ’69 11111 166 cxxxv 269
111111 24 11111 90 11111 167 1111111 270
1111 25 1111 92 11111 166 1111111 277
xxv 26 xxxvl 93 1111111 169 11111111 278
1111 27 111111 94 11111111 170 1111111 290
11111 30 r 1111111 95 cxxxx 171 11111 291
111111 31” 11111 96 cxxx 172 111111 335
1111 32 1111 97 11111 174 1111111 354
xxx ’ 33 xxxxv 96 111111 175 11111111 356
1111 34 111111 99 11111111 176 1111111 357
xxx11 35 11111111 100 1111111 177 111111 358
111111 36 111111 101 cxxxv 178 11111111 359
xxxxv 37 xxxxv 102 11111111 179 11111111 360
xxxv 36 111111 103 , 1111111 160 1111111111 361
11111 39 1111111 104 11111111 161 11111111 382
111111 40 11111111 114 111111 195 1111 383
11111111 41 111111 115 111 190 1111 364
111111 42 11 116 11111 197 11111 397
11 43 111 117 11111 198 111111 551
xm 44 1111 3 116 111111 3 199 111111 446
1111 45 11111 123 11111 J 200 1111 566
11111 46 1111 130 1111 201 111111 567
11111 47 111 131 11111 3 202 111111 excidit
111 48 1111 133 111111 3 203 1111111 566
1111 49 11111 134 11111111 3 204 11111 605
11111 50 111111 138 1111111 ¹ 205 11 606
111111 51 1111 139 11 J 206 111 607
11111 52 1 142 111 3 207 1111 750
1 53 11 143 1111 ¹ 229 11111 747
11 54 111 144 omn 3 224 1111 760

111-*5511111 145 1111 222

 

