concordantia numerorum.

----.-.-.......-....-......-.-......-.........-....
81. LLffl. 11. 8111, sp 8411. ..m 7:011.

-————-—-

7353 1 . 7587 11347
7388 7588 11348
7381 ‘ 7588 11358
7383 7588 11351
7383 · 7581 11353
7384 7583 11353
7385 7583 11354
7388 · 7534 11358
7387 1 7585 Ι11357
7388 7588 11358
7388 7587 11388
7378 1 7588 11881
7 7371 , 7588 11388
7873 7888 11884
7373 7881 11388
. 7374 1 7883 11387
7375 7433411131 7883 11888
7878 7433 11138 7884 11383
7377 7434 11137 1 7885 11388
7378 7435 11138 1 7888 11378
7378 7438 11138 1 7887 11371
7388 7437 11131 7888 11378
7381 7438 11133 1 7888 11378
7883 7438 11138 1 7818 11331
7383 7448 11188 7811 11383
7384 7441 11141 7813 11383
7385 7443 11147 . 7813 11384
7388 7443 11148 7814 11385
7387 7444 11158 7815 11388
7888 7445 Ὶ11151 7818 11388
7888 7448 11153 7817 11381
7388 7447 11155 1 7818 11383
7381 · 7448 11158 7818 11387
7883 7448 11183 , 11 7838 11338
7383 7458 11187 1 7831 11388
7384 7451 11188 1 7833 11488 -
7385 7453 11171 1 7833 11481
7888 7453 11178 7834 11484
7387 7454 11177 7835 11485
7388 7455 11178 1 7838 11488
7388 Ι 11883 7458 11183 · 7837 11487
7488 11884 7457 11183 7838 11488
7481 11885 7458 11184 . 7838 11488
7483 11887 7458 11185 ¹ 7030 11411
7483 11888 7488 11188 7831 11413
7484 11888 7481 11187 7833 11413
7485 11873 7483 11188 7833 11415
7488 11875 7483 11188 7834 11417
7487 11877 7484 11188 7885 11418
7488 11888 7485 11183 7838 11418
7488 11883 7488 11188 7887 11431
7418 11885 7487 11184 . 7888 11433
7411 11888 7488 11185 ⁶· 7033 11434
7413 11881 7488 11188 7848 11435
7413 18848 7478 11188 7841 11437
7414 11884 7471 11388 7843 11438
7415 11838 7473 11381 , 7843 , 11438

85

 

