concordantia numerorum.

Mlffln Ι) Edlbhdnsswtfflssssfflfflu Ι 1991. 127111.

3971 5270 4028 5391 4084 5470 4141 5535 4198 5606

3972 5271 4029 5392 4085 5471 4142 5536 4199 5607
5388 4200 5612

5537 4201 5614
5538 4202 5615
5539 4203 5616
5540 4204 5617
5542 4205 5618

3973 5272 4030 5434 4086 5472 4143
3974 5274 4031 5393 4087 5473 4144
3975 5275 4032 5394 4088 5363 4145
3976 5276 4033 5395 4089 5378 4146
3977 5277 40333 5398 4090 5474 4147

3978 5278 4034 5400 4091 4598 4148
5543 4206 5619

5544 4207 5620
5545 4208 5621
5546 4209 5622
5547 4210 5623
5548 4211 5628

3979 5279 4035 5401 4092 5475 4149
3980 5280 4036 5402 4093 5476» 4150
3981 5281 4037 5403 4094 5482 4151
3982 5282 4038 5406 4095
3983 4984 4039 5409 4096
3984 5099 4040 5410 4097
3985 5283 4041 5412 4098
3980 5284 4042 5415 4099
3987 5200 4043 5416 4100

5483 ’ 4152
5484 4153

5485 4154
5549 4212 5629

5550 4213 5630

5486 4155
5487 4156

5555 4215 5633
5559 4216 5634
5560 4217 5635

5489 4158
5490 4159
5491 4160
5492 4161
5493 4162
5494 4163

3933 4907 4044 0477 4707
3939 0309 4040 0473 4709
3990 0374 4040 0479 4703
3997 0970 4047 0490 4704
3999 0970 4043 0497 4700
3999 0373 4049 0493 4700
9994 0379 4000 0497 4707
3990 4747 4007 0493 4703
9990 0397 4009 0490 4709
3997 0399 4003 0497 4770
9993 0993 4004 0499 4777
9999 0390 4000 0499 4779
4000 0394 4000 0430 4773
, 4007 0997 4007 0490 4774
4009 0993 4003 0497 4770
4009 0990 4009 0433 4770
4004 0999 4000 0499 4777
4000 0390 4007 0440 4773
4000 0937 4009 0449 4779
4007 0399 4003 0440 4790
4003 0393 4004 0440 4797
4009 0994 4000 0443 4799
4070 0997 4000 0449 4793
4077 0390 4007 0400 4794
4079 0933 4003 0407 4790
4019 0339 4009 0409 4790
4074 0949 4070 0400 4797
4070 4349 4077 0400 4793
4070 0940 4079 0403 4799
4077 0943 4073 0409 4730
4073 0349 4074 0400 4737
4079 9990 4070 0407 4739
4090 0307 4070 0409 4739Ι
4097 0300 4077 0403 4734 ¹ 0093 4797 10093 4943 0070
4099 0307 4073 0404 4730 0094 »4709 0000 4949 0077
4093 0970 4079 0430 4730 0090 4799 0007 4900 0070
4094 0377 4030 0400 4737 0097 4794 0009 4907 0377
4090 0379 4037 0407 4733 0039 4790 0003 4909 0373

5561 4218 5636
5564 4219 5638
5565 4220 5639
5495 4164
5496 4165
5497 4166
5498 4167
5499 4168
5500 4169

5566 4221 5640
5567 4222 5641
5568 4223 5642
5569 4224 5644
5570 4225 5045
5571 4226 5646
5572 4227 5647
5573 4228 5648
5575 4229 5650

5399 4170
5501 4171
5502 4172
5576 4230 5654
5577 4231 5652
5578 4232 5653
5579 4233 5655
5581 4234 5656
5582 4235 5657

5504 4173
5505 4174
5506 4175
5507 4176
5508 4177
5509 4178
5510 4179
5511 4180
5512 4181
5513 4182
5514 4183
5515 4184

5583 4236 5658
5584 4237 5659
5585 4238 5660
5586 4239 5661
5588 4240 5662
5589 4241 5664
5590 4242, 5665
5592 4243 5666
5593 4244 5669
5594 4245 5670
5595 4246 5672
5596 4247 5673

5516 4185
5517 4186
5518 4187
5519 4188
5520 4189
5522 4190

5488 4157 5551 4214 5631

4026 5375 4082 5468 4139 5533 4196 5604 4253 5679
4027 5383 4083 5469 4140 5534 4197 9 5605 4254 5080

 

