0023102263 numerorum.

-u—————-----——-——-—-—-
EM. 31111. 21141111111-1111 12111Ιὶ 1111113134 Εάη..614ΕιΙΙΙ

...m—2

2323 3102 2335 3174 2499 3279

2323 33331 2333 3112 , 2332 3233
2333131311 2331 3133 2331 3231
2331131121 2333 3133 . 2322 3232

2332 3103 2339 3172 25023 3233
2333 3104 2390 3173 2503 3234
2334 3097 2391 Ι2969.3167 2504 3235
2335 3107 2392 3163 2505 3236
2336 3106 2393 3161 2506 3237
2337 3103 2394 3169 2507 3233
2333 3109 2395 3176 v 2503 3239
2339 3111 2396 3173 2509 3290
2340 3112 2397 3179 . 2510 3291
2341 3113 2393 3130 2511 3292
2342 3114 2399 3131 2512 3294
2343 3115 2400 3182 2513 3305
2344 3125 2401 3183 2514 3306
2345 3116 2402 3134 2515 3302
2346 3117 2403 3170 ⁴ 2516 3304
2347 3121 2404 3191 ’ 2517 3311
2343 3126 2405 3160 2513 3293
· 2349 3127 2406 3145 2519 3310
2350 3123 2407 3144 2520 3309
2351 3129 2403 3190 2521 3312
2352 3119 2409 3139 2522 3314
2353 3120 2410 3137 . 2523 3313
2354 3124 2411 3165 , 2524 3372
2355 3123 2412 3205 2525 3373
2356 3122 2413 3200 2526 3295
2357 3130 2414 3201 2527 3296
, 2353 3131 2415 3202 2523 3297
2359 3132 2416 3203 2529 3293
2360 3133 2417 3204 2530 3299
2361 3134 2413 3206 2531 3300
2362 3135 2419 3207 ‘ 2532 3301.
2363 3113 2420 3209 2533 3303
2364 3137 2421 3210 2534 3307
2365 3133 2422 3203 2535 3303
2366 3139 2423 3211 “ 2536 3315
2367 3140 2424 3163 2537 3316
2363 3141 2425 3213 · 2533 3317
2369 3146 2426 3212 2539 3313
2370 3147 2427 3164 2540 3319
2371 3143 2423 3214 2541 3320
2372 3149 2429 3215 2542 3321
2373 3142 2430 3216 2543 3323
2374 3143 2431 3217 ’ 2544 3322
2375 3151 2432 3192 2545 3324
2376 3153 2433 3193 2546 3325
2377 3155 2434 3194 2547 3326
2373 3157 2435 3195 2543 3327
2379 3156 2436 3196 2549 3323
2330 3150 2437 3197 2550 3329
2331 3154 2433 3193 2551 3330
2382 3162 2439 3213 2552 3331
2333 3171 2440 3219 2553 3370
2334 3199 2441 3220 2554 3359

 

