011111111111 numerorum.

10262 16629
10263 16630
10264 16552
10265 16631
10266 14310
10267 16632
16633

10269 17019
10270 16634
. 10271 16635
10272 16596
10273 16636
10274 17639
·10275 16638
10276 16639
10277 16640
10278 16646
10279 16375
10280 16642
10281 16643
10282 16644
10283 16645
“ ’ 10284 16646
10285 16647
10286 16648
10287 16649
10288 16650
10289 16652
10290 16667
10291 16675
16678

10293 16681
16690

16691

' 16694
16704

16707

16712
16713 10471 17111

11111 11411 1 11111
11111 11411 1 11111
11111 · 11414 11111
11111 11411 11111
11111 . 11411 11111
11114 11411 11111
11111 ‘· ’ 11411 11111
11111 ‘ ² 11411 11111
11111 11411 11111
11111 11411 11114

11111
11114

· 11111 , ·’ 11411

11111 11411 11111 11411 11111

11111 11111 11111 11411 11111 11411 11141

11111 11111 1 11111 11411 11111 11411 11111

11111 11111 11141 · 11411 11114 11411 11111

8⁸·

10482 17135
10483 17137
17004 10484 17138

 

