concordantia numerorum. 651

——-———————

·. ,4 . . 33113311. ΜΗ 3311. 331. 13311.

134111333 1334 1113 1331 1333
1134 1433 1131 1313 134311343 1333 1333 1333 1333
113311333 1133 1333 134311313 1333 1334 1333 1333
113311331 1133 1331 1331111333 ,1331 1113 1334 1331
113111333 113411333 13311331 1333 1331 1333 1333
113311334 113311333 133311313 1333 1334 1333 1113
113311333 113311333 1333113311 131311333 ·‘ 1133
1143 1331 Ι1131 1334 1334 1314 1311 1333
1141 1333 1133 1333 1333 1333 1313 1111
1143 1333 1133 1333 1333 1133 1313 1133
1143 1313 1333 1331 1331 1133 1314 1113
1144 1311 1331 1133 1333 1333Ι 1313 1133
1143 1313 1333 1331 1333 1131 1313 1331
1143 1314 1333 1333 1333 1133 1311 1333
1141 1313 1334 1313 1331 1311 1313 1133
1143 1313 1333 1313 1333 1133 1313 1133
1143 1311 1333 1333 1333 1141 1333 1134
1133 1313 1331 1333 1334 1143 1331 1133
1131 1313 1333 1333 1333 1131 1333 1133
1133 1333 1333 1331 1333 1143 1333 1133
1133 1333 1313 1313 1331 1144 1334 1131
11341331 131111111 1333 1143 1333 1133

1721
“ 1567
1561
1802
“ 1649
“ 1701
1803
1804
1796
1805 ,
1806
1826
1825
1807
‘ 1808
1809
1810

’1155 1522 1212 1714 1269 1749 1326 1789
1156 1525 1213 1562 1270 1752 1327 1790

1157 1811

1813
1814

1526 1214 1564 1271 1753 1328 1640
1524 , 1215 1547 1272 1754 1329 1668
1535 1216 1548 1273 1755 1330 1793

1158
1159

1160
1622

1644
1671

1677 1218 1549 1275 1740 1332 1540
1722 1219 1730 1276 1742 1333 1558
1724 1220 1731 1277 1758 1334 1523
1729 1221 1728 · 1278 1756 1335 1528
1680 1222 1683 1279 1757 1336 1794
1681 1223 1573 1280 1759 1337 1529

1161
1162
1163
1672
1608
1816
1817
1818
¹ 1819

1164
1165
1166
1167
1168
1169
1170
1171
1172
1173
1174
1175
1176
1177
1178
1179

1678 1224 1691 1281 1767 1338 1570
1675 1225 1583 1282 1761 1339 1576

1491 1226 ·1584 1283 1762 1340 1577 544
1

ξ ¹ 1545
1820

1821

1822

’ 1823

1550 1227 1585 1284 1768 1341 1578
1566 1228 1690 1285 1692 1342 1579
1565 1229 1693 1286 1534 1343 1586
1569 1230 1700 1287 1769 1344 1587
1580 1231 1605 1288 1614 1345 1602
1581 1232 1606 1289 1642 1346 1603
1582 1233 1667 1290 1643 1347 1795
1553 1234 1702 1291 1770 1348 1760
1554 1235 1704 1292 1597 1349 1660
1557 1236 1705 1293 1771 1350 1792

1824
1828
¹ 1830
1832
1831
1838
1841

1552 1237 1703 1294 1772 1351 1791
1555 1238 1764 1295 1698 1352 1797
1556 1239 1563 1296 1697 - -
1574 1240 1707, 1297 1699 1354 1715
1604 1241 1708 1298 1886 1355 1716
1607 1242 1710 1299 1885 1356 1798

1180
1181
1182
1183
1184
1185
1186
1187
1188
1189

1842
1839
1840
1843
1829
“ 1827
1844

1689 1243 1712 1300 1610 1357 1765
1647 1244 1713 1301 1773 1358 1766
1611 1245 1624 1302 1774 1359 1575
1612 1246 1625 1303 , 1630 1360 1799

1685 1217 1551 1274 1741 1331 1709 1812
u

 

