0011014111411 numerorum.

3154 4145
3155 4155

515514151

515114155

515314154

515514155

515514151

5151 4153

5153 4155

5155 4155

5154 4153

3155 4153

5155 4154

5151 4155

3153 4155

3153 4151

5115 4153

3111 4135

511314115

5113 1 4111 5335 1 4553

5114 ι4113 335514341 3331 4331

5115 j 4115 5351 4343 5333 4555 545514555
5115 4114 5353 4345 3335 4354 545114555
5111 4115 5355 4351 5355 4535 · 5453 4553
5113 Ν 4115 5354 4354 5331 4555 3455 4515
511514111 5335 4355 5353 4353 3543 4433 3454 4531

513514113 5355 4351 5355 45511 5545 4435 5455 ·. 4553

 

