1413 ’ 1133
1413 1331
1413 1153

1421 1845

1411 1343
1413 1531
141411341
1415 1143
1413 1343
1411 1133
1413 1343
1413 1353
1433 1351
1431 1351
1431 1331
1433 1333
. 1434 1345
1435 1353
1433 1353
1431 1353
1433 1354
1433 1335
1443 1111
1441 1553
1441 1533
1443 1355
1444 1353
1445 1533
1443 1533
1441 1351
1443 1533
1443 1533
1453 1533
1451 1535
1451 1351
1453 1541
1454 1353
1455 1351
1453 1351
1451 1353
1453 1354
1453 1333
1433 1533
1431 1353
1431 1353
1433 1333
1434 1331
1435 1331
1433 1333
1431 1341
1433 1334
1433 1113
1413 1313
1411 1334
1411 1531
1413 1531
1414 1543

1415 t 1545
1413 1131
1411 1 1133
1413 1 1333
1413 1 1311
1433 1 1313
1431 1 1331
1431 1335

1483 1631,

1484 1866
1485 1867
1486 1868
1487 1869
1488 1870
1489 1872
1490 1871
1491 1873
1492 1875
1493 1876
1494 1877
1495 1874
1496 1879
1497 1880
1498 1881
1499 1882
1500 1878
1501 1884
1502 1887
1503 1888
1504 1889
1505 1890
1506 1891
1507 1892
1508 1646
1509 1648
1510 1894
1511 1896
1512 1895
1513 1897
1514 1898
1515 1893
1516 1899
1517 1900
Ι1518 1901
1519 1902
1520 1903
1521 1904
1522 1905
1523 1906
1524 1907
1525 1908
1526 1909
1527 1910
1528 1538
1529 1911
1530 1912
1531 1913

031331431113 numerorum.

.. 11411. Ι 251. Ed. 11. .. . .

153311314
1534 ¹ 1315
1535 1313
153311311
1531313111
1513311313
1533 1313
1543 1311
1541 1311
1541 1313
1543 1314
1544 1315
1545 1333
1543 1331
1541 1313
1543 1333
1543 1333
1553 1331
1551 2002
1552 1335
1553 1333
1554 1331
1555 1333
1553 1333
1551 2010
1558 1311
1553 1311
1533 1313
1531 1315
1531 1313
1533 1311
1534 1313
1535 1313
1533 1313
1531 1311
1533 1311
1533 1313
1513 1314
1511 1313
1511 1315
1513 1333
1514 1311
1515 1331
1513 1331
1511 1333
1513 1334
1513 1335
1533 1333
1531 1333
1531 1343
1533 1341
1534 2041
1535 1333
1533 1343
1531 1343
1533 1351

-1599

,- -..-

”“”’1’5“3’3”’ 1351

1590 2053
1591 2055
1592 2054
15921 2056

1533 1351 ’

1594 2058
1595 2059
1596 2062
1597 2063
1598 2064
2065
2066
2067
2068
2069
2070
2071

1600
1601
1602
1603
1604
1605

1607
1608
1609

2078
2079
2080
2081
2085
2088
2089
2090
2091
2092
2093
2094
2095

1313
1311
1311
1313
1314
1315
1313
1311
1313
1313
1313 1134
13111135
1311 1133
13131131
1314111341
1315 1113
1313 1111
1311 1111
1313 1114
1313 1133
1333 1113
1331 1113
1331 1113
1333 1111
1334 1111
1335 1113
1333 1115
1331 1113
1333 1113
1333 1131
1343 1131
1341 1133
1341 1133
134311133

1344 1 1143

1606 2072

1331 1133
1331 2204
1593 2205
133411133
1335 1131
1333 1133
1331 1133
1333 1113
1333 1111
1133 1111
1131 1113

 

