concordantia numerorum.
. 161. 1. 1 Εᾶ, 11.

Ἀ „W Υ6444 7546
7660 6442 7606

· 4646 6446 4664

· 4644 6444 4666
4646 6446 7600
7620 6446 7610
7621 6447 7611
7622 6446 4644
4646 6446 4 4644
4644 6466 7616

7626 6464 4646

4664 6464 4644 ·

4666 6466 4644 4

7666 6466 7624

7667 6466 4646

7660 6467 7626

’4646 6466 4646

4644 6466 4666

4644 6466 4664

4644 6464 4666

4646 6464 4664

4666 6466 4666

4664 6464 4666

4664 6466 4666

4666 6466 4644

7667 6467 7644

7660 6466 7646

7660 6460 7647

7661 6446 4646

4664 6444 4666

4666 6444 4664

4666 6446 4666

4666 6444 4666

4646 6446 4666

7672' 6476 7660

7676 6477 7662

7676 6476 7666

7676 0476 7666

7676 6460 7666
6424 4 7661 6461 7667
6426 7664 6462 7672
6426 7666 6466 7673
6427 7666 6464 7676
6426 7667 6466 7677
6420 7666 6460 7660
6460 7660 6467 '7533
6461 7600 6466
6462 7664 6460 7667 6606
6466 Ι 4666 6400 7660 6604
6464 7607 6401 7606 6606
6436 7606 6402 7604 6606
6436 7600 6406 7606 6664
6464 4666 6404 7606 f 6606 7666
6466 7601 6406 7600 6662 7762 6600 7660
6460 7602 6406 7700 6666 7766 6610 7660
6440 7606 6407 7701 6664 7716 1 6611 7661

7534 5454 7663

7856
7667

 

