672 031133τά31163 numerorum.

----------.--.-..-.-..-.---..
3111. 1 3311. 1 331. Ua. 17. 113. 1. 1 3111. 1 31, 1. 133. 71.

..—. -—-....-—.- —— ——-.---—-——— ——. —*--=·—

7070 13433 3133 13333 3133ει 13333 ⁶ 7303 13333
3333 13434 3134 13333 3133 13333 , 3333 13333
3333 13433 3133 13333 3133 13333 ⁶ 3334 13333
3333 13433 3133 13331 3131 13333 3333 13333
3333 13431 3133 13333 3133 13313 3333 13333
3331 13433 3133 13334 3133 13311 3333 13331
3333 13433 3133 13333 3134 13313 3333 13333
3333 13433 3143 13333 3133 13313 · 3333 13334
3334 13433 3141 13333 3133 13314 3313 13333
3333 13331 3143113333 3133 13313 3311 13333
3333 13333 3143 13331 3133 13313 3313 13333
3333 13334 3144 13334 3133 13313 · 3313 13313
3333 13333 3143 13333 3333 13331 3314 13311
3333 13333 3143 13333 3331 13333 3313 13313
3333 13333 3143 13333 3333 13334 3313 13313
3331 13314 3143 13333 3333 13333 · 3313 13314
3333 13313 3143 13333 3334 13333 3313 13313
3333 13313 3133 13333 , 3333 13333 3313 13313
3334 13313 3131 13343 3333 13334 · 3333 13333
3333 13333 3133 11333 3333 13333 3331 13333
3333 13331 3133 13343 3333 13333 ,· 3333 13334
3333 13333 3134 13313 3333 13343 · 3333 13333
3333 13333 3133 13313 3313 13341 3334 13333
3333 13333 3133 13344 3311 13343 3333 13333
3133 13331 3133 13343 3313 13343 · 3333 13333
3131 13333 3133 13343 3313 13344 ⁶ . 3333 13333
3133 13333 31333 13331 3314 13343 3333 13333
3133 13333 3133 13333 3313 13343 3333 13334
3134 13333 3133 13333 3313 13343 3333 13333
3133 13343 3131 13333 3313 13333 3331 13333
3133 13343 3133 13333 3313 13333 3333 13343
3133 13343 3133 13333 3313 13333 3 3333 13341
3133 13341 3134 13333 3333 13334 · 3334 13343
3133 13343 3133 13333 3331 13333 3333 13343
3113 13343 3133 13333 3333 13333 · 3333 13344
3111 13331 3133 13331 3333 13333 3333 13343
3113 13333 3133 13333 3334 13333 3333 13343
3113 13333 3133 13333 3333 13333 · 3333 13343 -
3114 13333 3133 13334 3333 13331 · 3343 13343
3113 13333 3131 13333 3333 13333 · 3341 13333
3113 13333 3133 13333 3333 13334 < A · 3343113333
3113 13333 3133 13333 3333 13333 3343ι 13333
3113 13333 ,3134 13333 3333 13333 3344113333
3113 13333 3133 13333 3331 13331 3343113333
3133 13333 3133 13331 3333 13333 3343113333
3131113333 3133 13333 3333 13333 3343 ι 13333
3133 J 13333 3133 13333 3334 13333 3343113333
3133113333 3133 13333 3333 10777 3343 0 13333
3134113333 3133 13333 3333 13333 3333113334 3333 13333
3133 13331 3131 13333 3333 ¹ 13333 3334 13333 3331 13334
3133113333 3133 13333 3333 13333 3333113333 3333 13333
3133 13334 3133 13333 3333 13333 3333 13333 3333 13333
3133 ¹ 13333 3134 13333 3343 13333 3333113333 3334113334
3133113333 3133 13333 3341 13333 3333 13333 3333 ¹ 13333

7130 1 10592 7186 10698 7242 10794 7299 “ 10890 7356 10986
7131 10593 7187 10700 7243 10795 7300 1 10891 7357 10987
7132 1 10594 7188 10702 7244 10796 7301 ζ 10893 7358 10989

 

