concordantia numerorum.

1

100. 1. Ι Ed. 11. . . . . 1001. Ed. 11. Ed. 1. 4 Ed. 11.

3003 4993 9949 4999 9999 9999 9999 9 9999
9999 4999 9949 4999 9999 9999 9999
9999 4999 9949 4999 9999 9999 9999· 9999
9999 4994 9949 . 4999 ¹ 3009 9999 9999 j 9999
9999 4999 9949 9999 9999 9999 9999 9 9999
9999 4999 9999 9999 9999 9999 9999
9994 4999 9999 1 9999 9999 2 9999 9999 9 9999
9999 1 4930 9999 9999 · 9999 9999 9999 1 9999
9999 f 4939 9999 9994 9999 9999 9994 9994
9999 4949 9994 9999 9999 9999 9999 9999
9999 9999 9999 1 9999. 9999 9949 99999 9999
9999 4949 9999 ‘ 9999 9999 9949 9999 9999
9999 4949 9999 9999 9999 9949 9999 9999
9999 9999 9949 9999 9999
9999 9999 9944 9999 9999
9999 9994 9949 9999 ,9999
9999 9999 9949 9999 9999

3701 4943 3758
3702 4944 3759
3703 4945 3760
3704 4946 3761
3705 4947 3762
3706 4948 3763
3707 4949 3764

5013 3876 5147 3932 5217
5014 3877 5149 3933 5218
5015 3878 5151 3934 5220

3709 4951 3766
3710 4952 3767
3711 4953 3768
3712 4954 3769
3713 4955 3770
3714 4956 3771
3715 4958 3772
3716 ,4959 3773
3717 4960 3774
3718 4961 3775
3719 4962 3776

5019 3880 5153 3936 5221
5021 , . 3881 5154 3937 5222
5022 ’ 3882 5155 39379 5182
5023 3883 5156 3938 · 5224
5026 ‘ 3884 5157 3939 5225
5027 · 3885 5161 3940 5246
5028 3886 5162 3041 5228
5029 ‘ 3887 5163 3942 5229
5030 3888 5164 3943 5230
5031 · 3889 5165 3944 5231
5032 “ 3890 5166 3945 5232
5033 “ 3891 5167 3946 5233
5034 3892 5168 3947 5234
5035 3893 5169 3948 5235

9999 4999 9999
9999 4994 9999
9999 4999 9999
9999 4999 9999
9994 4999 9999
9999 4999 9999
9999 4999 -
9999 4994 9994
9999 4999 9999
9999 4999 9999
9999 4999 9999
9999 4999 9999
9999 4999 9999
9999 4999 9999
9994 4999 9999
, 9999 4999 9999
9999 4999 9999
9999 4999 9994
9999 4999 9999

5036 . 3884 5170 3949 5236
5037 “ ' 3895 5171 3950 5237
5038 2 · 3896 5172 3951 5238
- ἱ 3897 5173 3952 5239
5041 · 9 3898 5176 3953 5242
5042 3899 5174 3954 5250
5043 3900 5175 3955 5243
5044 3901 5177 3956 5240
5045 3902 5178 “ 3957 5251
5046 3903 5179 3958 5252
5047 ἑ . 3904 5180 3959 5248
5048 “ 3905 5181 3960 5247
5049 ”, 3906 5184 3961 5249
5050 3907 5185 3962 5254
5051 3908 5186 3963 5241

5052 “ 3909 5187 3964 5192
3739 4989 3796 5053 “ ⁶ 3910 5189 3965 5258

9949 4990 3999 9994 , 9999 9999 9999 9999
3941 4991 9999 9999 9999 9999 9999 9999
9949 4993 9999 0 9999 9999 9999 9999 4 9994

3743 4994 3800 5062 3914 5193 3969 ³ 5267
3744 4995 3801 . 5063 3915 5194 - -

3708 4950 3765 5017 3879 5152 3935 5245

 

