concordantia numerorum.

3333 3333
3334 3333 3333
3333 3333 3333
3333 3334 3333
3333 3333 3334
3333 3333 3333
3333 3333 3333
3333 3333 3333
3333 3333 33331
3333 3333 3333
3333 3334 3333
3334 3333 3333
3333 3333 3333
3333 3333 3333
3333 3333 3334
3333 3333 3333
3333 3333 3333
3333 3333 3333
3333 3333 3333
3333 3334 3333
3333 3333 3333
3334 3333 3333
3333 3333 3333
3333 3333 3333
3333 3333 3334
3334 3333 ⁴ 3333 3333 3333
3333 3333 3333 3333 3333 ¹
3333 3333 · 3333 3333 3333
3333 h 3333 3333 3334 3333
3333 3343 3333 3333 3333
3333 3343 3333 3333 3343
3333 3343 3334 3333 3343
3333 3343 3333 3333 ’3343
3333 3343 3333 3333 3343
3333 3333 3333 3333 3344
3334 3333 3333 3333 3343

2876
2877

3754 2990 3904 3047
3755 2991 3905 ’ 3048
2878
2879
2880
2881
2882
2883
2884
2885
2886
2887
2888
2889
2890
2891
2892

3333 . · 3333 3333 3343 ι3

3333 3 3333 3333 3333 :

3344 3334 3333 3333 ¹

3333 3333 3333 3333

3333 3333 3333 3333

3333 3333 3333 3334

3333 3333 3334 3333

3334 3333 3333 3333

3333 . 3333 3333 3333

3333 3333 3333 3333

3333 3333 3333 3333

3333 3333 3333 3333 333314333
3333 3334
3333 3333
3333 3333

3920 3061 3118 4 4093
3922 3062 3119 4 4097
3923 3063 3120 4100
2893 3771 ⁴ 3007 3924 3064 ⁴ 3121 4101
2894 3779 3008 3926 3065 3122 4102

3333 3333 333313333 3333 3333 4333
mut· 3333 nomn. 33. ιω. 11. 83

·2875 3753 2989 3903 3046

 

