001001ᾱο1110 numerorum.

11 mc mc 101

'cci ” eccm ’3101

0011
· 00111 1962 2384 000111 3720
00111 001111 1981 2383 0001111 3743
001111 0011111 1982 0001111 2412 00011111 3774
’ 0011 001111 1983 00011111 1 2421 000111111 3816
ccx cccxv 1984 000111 2430 00011111 3793
0011 001111 1985 cccxx 2401 0001111 3854
00111 0011111 1986 00011111 ’2444 00011111 3939
001111 00111111 1936 0001111 2452 0001111111 4038
00111 001111 1937 00011111 2489 0001111111 4039
ccxv cehxx 1989 00011111 2533 0001111111 4040
com 001111 1934 cccxxv 2500 ccccxxx 4023
ccxvn eccm a 1997 0001111171 2502 0001111111 4119
ccxvffl cccxxn 1996 cccxxvu 2501 CCCLXXXII 4186
00111 00111111 2003 0001111111 2513 0001111111 4252
ccxx 0011111 2037 0001111 2540 000111111 4285
00111 001111 2047 cccxxx 2532 ccccxxxv 4286
001111 0011111 2048 0001111 2539 0001111111 4300
0011111 00111111 2044 00011111 2514 , 0001111111 4261
001111 001111111 2045 000111111 2554 00011111111 4280
00111 0011111 2046 00011111 2552 000111111 4765
001111 001111 2073 cccxxxv 2567 00010 4542
0011111 0011111 2074 00011111 2570 000101 4752
00111111 00111111 2075 0001111111 2571 0001011 4753
001111 001111111 2084 0001111111 2572 00010111 4690
ccxxx 00111111 2100 00011111 2588 0001011 4492
001111 cccxxxv 2101 00011 2594 000101 4992
0011111 00111111 2099 000111 2597 0001011 5057
00111111 001111111 2102 0001111 2665 00010111 5024
0011111 0011111111 2098 00011111 2686 000101111 5025
ccxxxv 00111111 2113 0001111 2677 0001011 5308
0011111 ccxc 2117 000111 2877 0000 5447
01111111 x 00101 2146 0001111 2953 00001 5562
0011111111 001011 2130 00011111 2947 000011 5528
0011111 0010111 2128 000111111 2950 0000111 5529
0011 001011 2134 0001111 · 3136 000011 5701
00111 00101 2141 0001 3406 ccccv 6529
001111 001011 2150 00011 3461 000011 6055
0011111 0010111 2151 000111 3462 0000111 6834
001111 00101111 2158 0001111 3524 00001111 7250
00111 001011 2179 000111 3536 000011 7215
001111 000 2258 00011 3543 00001 8721
0011111 0001 2294 000111 4071 ccccxl 9199
00111111 00011 2290 0001111 3562 0000111 9618
001111 000111 2282 00011111 3580 00001111 10393
001 00011 2283 000111 3630 00001111 10691
0011 0001 2281 00011 3627 ccccxv 10693
00111 · 00011 2304 000111 3390 0000111 12835
001111 000111 2309 0001111 3659 00001111 10599
00111 0001111 2310 00011111 3683 000011111 16418
0011 00011 2319 0001111 3696 0000111 16706
00111 0001 2320 000111 3678 ccccxx 17211
001111 00011 2321 0001111 3679 0000111 17601
0011111 000111 2318 00011111 3707 00001111 17240
00111 0001111 2367 000111111 3708

-ῌ--ο-ω--η-

 

