812

index initiorum.

ω

10801. 10814. 10829. 10995. 11159. Quotiens eorum 0001921.

11655. 11185. 11831. 12081. 12388. Quotiens 1111011010 2354.

12141. 13031. 18084. 13811. 13855. Quotiens filii 4068. 4141.

18358. 18311. 13818. 13388. 13433. Quotiens 110101 noster 8289.

18488. 18419. 18584. 18542. 18888. Quotiens honesta 12829.

13634. 13101. 14280. 14351. 14862. Quotiens humane 6395.

14888. 14401. 14411. 14418. 14414. Quotiens 100 (011) 8844. 12145. 16565.
14422. 14508. 14512. 14518. 14525. 00011008 illa de 1898. 2113. 2582. 3038.

10263. 10213. 10528. 10168. 10883.
11830. 12818. 16480, 11004.
00001001 sine 1010 8181. 8155. 9081.
8304. 8461. 8586. 8615. 10648. 11043.
00001001 sorores 10088.
Quoniam 01111010 6203.
Quoniam 00510105112,
Quoniam sunt semper 2588.
Quoniam super iure 11431.
Quoniam supernae benedictionis 5588.
00001001 10 virum 11250.
Quoniam tenemur iustis 12845.
00001010 tranquilissime 2908.
Quoniam tuam 0010000010 4856,
Quoniam turbatus 1505.
Quoniam U. 1101018382.
Quoniam universae 4152.
Quoniam 00110110509529140091419884.
Quoniam universarum 10228. 10411.
Quoniam nteit 0638. 15381. 15413. 15411.
15113. 16014, 16132. solas. 16105.
Quoniam Velina 1195.
Quoniam venerabilis frater 8832.
Quoniam 1001100 slas.
Quoniam vicarium 3101.
Quoniam volumus 8926.
Quoniam voluntatem 4251.
Quoniam xenodochium 11616.
0001010 omnium 3145.
Quorumdam a partibus 2804.
Quorundam 00 000 1215. 1808. 1881. 1891.
Quorundam 00 1294.
Quorundam est nobis 11115.
Quorundam in Neapolitano 1511.
Quorundam monachorum 1181.
0001000001 nobis 00110948.
Quorundam nobis relatione 11882.
Quorundam relatione 2029. 2841,
Quorundam relatu 3435.
Quorundam sane 8212.
Quorundam scriptis 2012.
0000 ampliori 10112.
0000 dispensatio 8043.
Quos honestate morum 11294.
Quos in servitio 13248.
0000 omnipotens 8022.
0000 sinceriori 13256.
Quosdam accepimus 5458.
Quosdam de sicilia 1159.
0001 calamitatibus 1982.
0001 labores 1661,
0001 mala 0914. 10461.
Quot mutationes 1058.
· 0001 sollicitudines 18618. 18619.
Quoties 1100 Quotiens.
Quotiescumque a nobis 118820
Quotiescumque a nostrae 4595.
Quotiescumqucecclesiaequaestiones3906.
Quotiescumque illud 1556. 12280. 12818.
Quotiescumque tibi 5200.
Quotiens tentassemus. (Vide etiam
eiiiiiitiaiiiiiiissss. (1110001000-

14530. 14538. 14545. 14546. 14558.
14586. 14583. 14804. 14618. 14622.
14623 14626. 14838, 14681. 14692.
14888. 14101. 14811. 14843. 14815.

8188. 3514. 8515. 3588. 3621. 3113.
3142. 3110. 3186. sola. 3820. 8846.
ἓξὲξ. ³33³. 4024. loss. 4211. 4112.

14885. 14800. 14858. 14818. 14883. 000110081110001011) 1332. 1842. 1868.

14884. 14898. 15008. 15013. 15021.
15036. 15040. 15064. 15068. 15012.
15015. 15016. 15082. tuost. 15118.
15120. 15143. 15188. 15185. 15381.
15411. 15418. 15421. 15459. 15486.
15468. 15486. 15526. 15585. 15588.
15513. 15582. 15622. 15628. 15633.
15636. 15642. 15648. 15651. 15653.
15684. 15695. 15101. 15111. 15188.
15886. 15315. 15841. 15945. 15848.
15841. 15952. 15866. 15881. 16085.
16068. 16010. 18101. telos, 16188.
16183. 16148. 16150. 16168. 16180.
16182. 16181. 16220. 18280. 18268.
16212. 16801. 18326. 16362. 16388.
16413. 16416. 16438. 16418. 16481.
16483. 16586. 16551. 16582. 16655.
16118. 16151. 16138. 16804. 16838.
16848. 16814. 16300. iosos. 18818.
16911. 16850. 16053. 18865. 16984.
iustissimis. 11081. 11082. 11088.
11102. illos. 11125. 11144. 11145.
11118. 11200. 11215. 11235. 11244.
11288. 11805. 11331. 11331. 11414.
11585. 11553. 11561. 11518.

Quotiens a nostra 4491. 1491.

Quotiens a nostris 4854.

Quotiens a religiosis 10490.

Quotiens a sede 16843. 18485. 18851.

Quotiens 0 11110 9191. 9933. 9843. 9948.
10138. 10328. 10368. 10311. lusos.
12014. 13514.

Quotiens abaliquo 10491. 10492.

Quotiens ab apostolica 11815. 14150.
14111. 14821. 14848. 15008. 15054.
16322. 16328. 16654.

Quotiens 00 apostolicae 11002.

Quotiens ad perfectum 8690.

Quotiens aliqua digna 11039.

Quotiens aliqua ecelesiarum 9818. 9995.
10151. lotio. 12285.

Quotiens aliqua negotia 9318. 9866. 13685.

Quotiens aliqua statuuntur 18282.

Quotiens aliqui 00001001019651.

Quotiens aliquid 10321. 12588.

Quotiens apostolieae 11815.

Quotiens contra 1882.

Quotiens controversiae 10181.

Quotiens 00 00000110000 9125.

Quotiens de urbe 1801.

Quotiens de vestrae 2130.

Quotiens digna consideratione letantes.

Quotiens 00 0 nobis 8481. 4818. 4614.

1310. 1881. 1421. 1461. 1468. 1518.
1518. 1533. 1634. 1631. 1641. 1611.
1618. 1688. 1114. 1115. 1123. 1156.
1181. 1181. 1835. 1820. 1825. 1981.
1346. 1950. 1364. 00108111. 8181.
8202. 8204. 8211. 8258. 8328. 8846.
8352. 8358. 8869. 8444. 8488. 8522.
8523. 8559. 8580. 8584. 8638. 8668.
8125, 8131. 8148. 8144 add. 8163. 8168.
8110. 8800. 8818. 8834. 8831. 8838.
8850. 8881. 8885. 8821. 8888. 8856.
8866. 8818. 8008. 8028. 8036. 9081.
8088. 9048. 8061. 8018. 9011. 9080.
8091. 9101. 8101. 8113. 8111. 9118.
9120. 8128. 8138. 8134. 8135. sisi.
8158. 8111. 8119. 8180. 8185. 8196.
8202. 9210. 8221. 9222. 8239. 9250.
8213. 8216. 8282. 8283. 8285. 8288.
9308. 9321. 8328. 8818. 9398. 9385.
8428. 8445. 9464. 9465. 8416. 9198.
9502. 8558. suoi, 8518. 8808. solt.
8633. 8635. 8636. 9688. 8100. 8110.
8151. 8158. 8166. 8804. salt. 8820.
9844. 8848. 8880. 9983. 8888. 8881.
10005. 10014. 10081. loono. 10104.
10146. 10151. 10185. 10200. 10214.
10238. 10261. 10298. 10311. 10319.
10383. 10388. 10408. 10408. 10410.
10428. 10489. 10534. 10540. 10542.
10621. 10814. lotos. 10191. 10818.
10842. 10841. loeis. 10856. 10883.
10881. 10861. 11042. 11066. 11010.
11011.11124α.11158. 11168. 11164.
11113. 11111. 11212. 11218. 11268.
11341. 11885. 11881. lisso. 11395.
11421. 1142211011. 11598. 11601. 11620.
11621. 11851. 11119. 11110. 11135.
11848. 11811. 12145. 12148. 12166.
12110. 12181. 12213. 12216. 12211.
12239. 11242. 12383. 12314. 12319.
12398 Add. 12462. 12524. 1252812680.
15113. 12115. 12122, 12131. 12136.
12138. 12144. 12110. 12118. 18183.
12186. 12812. 12814. 12818. 12809.
12818. 13028. 13042. 18044. 13049.
13011. 18084. 13108. 13122. 18161.
let-319. 13328. 13334. 13836. 13368.
13810. 13410, 13481. 13454. 18411.
13418. 13481. 13646. 13104. 18182.
13881. 14212. 14213. 14225. 14483.
14435. 14438. lisso. 14803. 15081.
15148. 15350. 15463. 15113. 18824.
16892, 11040. 11080. 11086. 11088.
11213. 11324.

quentia initia).
Quotiens sfiliis 10008. 1000811. Quotiens 00 000 9545.
Quotiens 0 fratribus 6496. 1010310243. Quotiens 00 petuntur 14418. Quotiens in ali ua 10000.

10211. 10664. · Quotiens ea, quae 1621. 1114. 8809. 0001100010 0001001οτ100 15028.
Quotiens 0 nobis 2013. 4204. 4390. 4420. 11198. 14441. 14448, 14450. Quotiens in malefactores 14194.

4492. 4064. 1493. 1618. 1111. 8813. Quotiens eeclesiarum 12611. Quotiens in quibusdam sustentasse.

8815. 8895. 9593. 10111. 1025810601. Quotiens emergentes 10251. Quotiens 1010111100 11519.

Quotiens in 14196. (Vide stiam 0000001101

 

