991199113163 numerorum. 681

Μ14ΜΠ, fflL'fflst' ML⁴fflssy fflLfflffist' fflk‚fflu

‘9035 15193 '7 3592 92326149 ’15452 93713 15592 9393 15594

9939
9937
9639
9939
9949
9941
9942
9943
9944
9949
9949
9647
9943
9949
9650
9951
9952
9953
9654
9955
9959
9957
9959
9959
9999
9991
9992
9663
9994
9695
9999
9997
9999
9999
9976
9971
9972
9973
9974
9975
9979
9977
9979
9979
9999
9991
9992
9933
9934
3995
9699
9997
9999
9699
9699

1

9691 15231
, 3143112551 nomm 14111111.

15110
15113
15114
15117
15118
15119
15120
15124
15126
15130
15134
15979
15143
15144
15145
15146
15150
15151
15156
15162
15161
15443
15164
15165
15166
15166
15169
15170
15172
15174
15179
15161
15194
15165
15185
15166
15166
15169
15190
15192
15196
15196
15290
15204
15206
15207
15296
15209
15219
15211
15212
15213
15221
15223
15230

9693
9994
9995
9999
9997
9999
9999
9799
9791
9792
9793
9794
9795
9799

19233
15234
15239
15249
15244
15251
15259
19257
15259
15291
15293
19294
15295
15299
15293
15294
15293
15294
15299

” ⁸ 1 15291

15299

· 15399

,1 15301
” 1 15309
” 15312

. 15321

15327

1 ⁶ 15334
“⁸ 15337
.“2· 15399
‘⁸‘ 15342
· 15344

1 · 15349
t ⁶,5 15349
2 · ² 15359
.'‘j 15359
. *5 15366
. : 15367
1”“ 15365
': 15369
¹ ‘: 15371
.”ἕ 15374
”3 15375
’95 15379
ἰ 15379
t· ’ 15379
1 :. 15360

15362
15363

. · 15369
‘ 15390

15301

³ 15303
“ 15396

15399
15401

9750
9751
9752
9753
9754
9755
9756
9757
9756
9759
9760
9761
9762
9763
9764
9765
9766
9767
9766
9769
9770
9771
9772
9773
9774
9775
9776
9777
9776
9779
9760
9761
9762
9763
9764
9765
9766
9767
9769
9769
9790
9791
9792
9793
9794
9795
9799
9797
9799
9799
9699
9801
9602
9603
9894
9805

15410
15411
15416
15416
15423
15427
15426
15433
15434
15436
15436
15446
15444
15447
15451
[5452
15455
15456
15457
15459
15460
15465
15466
15467
15466
15469
15471
15477
15479
15489
15466
15467
15488
15489
15494
15461
15507
15511
15517
15518
15519
15520
15524
15525
15526
15527
15530
15532
15533
15535
15536
15538
15539
15540
15542
15552

9807
9698
9909
9910
9911
9812
9913
9614
9615
9916
9917
9916
9919
9829
9621
9822
9623
9624
9625
9626
9827
9626
9829
9839
9631
9632
9833
9634
9635
9836
9637
9638
9639
9649
9641
9642
9643
9644
9645
9646
9847

9848 3

9849
9859
9951
9952
9653
9654
9855
9856
9657
9858
9959
9669
9661
9862

15563
15569
15579
15571
15574
15576
15576
15579
15589
15590
15593
15991
15694
15612
15615
15616

·15619

15620
15626
15632
15633
15634
15635
15637
15649
15650
15651
15652
15654
15655
15656
15658
15659
15660
15663
15665
15666
1967
15670
15673
15676
15676
15665
15682
15689
15699
15700
15701
15796
15797
15708
15709
15715
15717
15697
15602

9394 15911
9395 15121
9399 15123
9391 15129
9393 15121
9399 15392
9319 15129
9311 15139
9312 15132
9313 15134
3314 Ι 15134
9315 1 15923
3319 15135
9311 15139
9313 15139
9319 15143
9339 15141
3331 15142
9332 15143
9333 15144
9334 15145
9335 15141
3339 1 15143
9331 1 15159
9333 1 15151
9339 15152
9339 15153
9391 15154
9392 15192
9333 15113
3934 1 15114
9395 15113
9339 15131
9331 = 15139
3393 1 15193
3399 ι 15199
9993 · 15319
3991 15312
9992 15559
9993 15313
9994 15329
9395 15323
3393 15324
9331 15325
9993 15931
9999 15332
9913 15334
9911 1 15339
9912 r 15349
9913 1 15349
9914 15393
9915 15391
9915 15399
9311 15913
9913 15399
3913 15924

86

 

