concordantia numerorum.

6637 0 2636 2644 2763 2663 2346
6333 = 2636 2646 2766 ⁴ 2666 2366
6636 ι 2632 2646 2766 2666 2666
6666 ³ 2663 2647 = 2766 ⁴ 2161 2666
6666 2664 26462767 2662 2362
6362 2666 2643 , 2766 2666 j 2766 2663 1 2363
666312633 2666 2763 2667 2737 2664 2664
2726 2666 2766 2666 2367
2762 2666 2736 2667 2664
2723 2666 2766 2663 2366

1995 2625 2052
1996 2041 2053
1997 2639 2054

1994 2643 2051 2720 2108 2788 2165 2854

6666 2666 2666 2726 2662 2763 2666 2366
6666 2667 2666 2722 2663 2766 2676 2363
2666 2624 2667 2763 2664 2662 2676 2366
2666 2646 2663 2727 2666 2363 2672 2376
2662 2666 2666 2723 2666 2364 2673 2676
2663 2666 2666 2726 2667 2366 2674 2372
2664 2666 2666 2736 2663 2667 2676 2673
2666 2646 2662 2736 2666 2363 2676 2374
2666 2662 2663 2732 2626 2366 2677 2676
2667 2662 2664 2736 2626 2366 2673 2373
2663 2663 2666 2737 2622 2366 2673 2676
2666 2664 2666 2733 2623 2362 2636 2636
2666 2666 2667 2733 2624 2663 2636 2336
2666 2636 2663 2746 2626 2664 2662 2632
2662 2666 2666 2742 2626 2366 2633 2334
2663 2676 2676 2743 2627 2666 2634 2336
2664 2672 2676 2744 2623 2367 2636 2336
2666 2673 2672 2746 2623 2366 2636 2337
2666 2674 2676 2746 2636 2366 2637 2366
2667 2676 2674 2747 2636 2626 2633 2336
2663 2676 2676 2743 2632 2326 2636 2662
2663 2666 2676 2746 2633 2622 2666 2633
,2626 2636 2677 2766 2634 2326 2666 2364
2626 2632 2673 2762 2636 2324 2662 2366
2622 2633 2676 2763 2636 2626 2663 2666
2623 2634 2636 2764 2637 2626 2664 2367
2624 2636 2636Ι 2766 2636 2627 2666 2363
2626 2637 2662 2766 2636 2336 2666 2666
2626 2636 2633 2767 2646 2332 2667 2666
2627 4447 2634 2763 2646 2333 2663 2666
2626 2636 2636 2766 2642 2334 2666 2662 2263 3626
2626 2636 2636 2766 2643 2336 2266 2663 2267 3622
2636 2666 2667 2766 2644 2336 2266 2364 2263 2676
2636 2662 2663 2762 2646 2337 2262 2666 2266 2673
2632 2663 2636 2763 2646 2336 2263 2666 2266 3632
2633 2663 2666 2764 2647 2336 2264 2667 2266 ³ 3633
2634 2667 2666 2766 2643 2346 2266 2666 2262 3664
2636 2663 2632 2767 2646 2346 2266 2666 2263 3636
2636 2666 2663 2766 2666 2343 2267 2666 2264 3636
2637 2766 2664 2776 2666 2344 2263 2666 2266 3637
2636 2726 2636 2772 2662 2646 2266 2362Ι 2266 3636
2636 2762 2666 2736 2663 2647 2266 2663 2267 3636
2646 2763 2667 2732 ’2664 2346 2266 2664 2263 3646
2646 2764 2633 2733 2666 2346 2262 2666 - -
2642 2766 2666 1 2734 2666 2346 2263 2666 2276 6 3646

 

