concordantia numerorum. 675

-m ...φο-κ- ..-—.- -...—-.- ..—.-..———--

hdllhdllsshdlkhdll ΕΜ. 16671 Edwmlsbhidll 1341311611,

12128
12129
12131
12135
12139
12141
12143
12145
12146

7929 11859 7986 11940 . 8100 12059 8157
7930 11860 7987 11942 8101 12060 8158
7931 11861 7988 11943 8102 12061 8159
7932 11862 7989 11944 8103 12062 8160
7933 13623 7990 11945 Ι 8104 12005 8161
7934 11865 7991 11946 “ 8105 12066 8162
7935 11866 7992 11947 8106 12067 8163
7936 11867 7903 11948 . 8107 12070 8164
7937 11868 7994 11949 8108 12072 8165
7938 11869 7995 11950 8109 12073 8166
7939 11870 7996 11951 8110 12074 8167
7940 11871 7997 11952 . 8111 12075 8168

12147
12149
12150

12156
12157

7942 11874 7999 11954 . 8113 12077 8170
7943 11876 8000 11956 , . ‘ 8114 12078 8171
7944 11877 8001 11957 · 2 8115 12079 8172
7945 11878 8002 11958 , .. 8116 12081 8173
7946 11880 8003 11959 , ’ . 8117 12082 8174
7947 11881 8004 11960 ⁸ 8118 12083 8175
7948 11882 8005 11961 2 8119 12085 8176
7940 11887 8006 11962 8120 12086 8177
7950 11889 8007 11963 ” 8121 12087 8178
7951 11890 8008 11964 ‘ 8122 12088 8179
7952 11891 8009 11965 8123 12092 8180
7953 11892 8010 11966 ‘ 8124 12093 8181
7954 11894 8011 11967 8125 12094 8182
7955 11895 8012 11968 '. . 8126 12095 8183
7956 11897 8013 11969 8127 12096 8184

12159
12161
12162
12163
12164
12165
12167
12168
12170
12173
12220
12175
12176
12177
12178
12180

7957 11898 8014 11970 8128 12097 8185
7958 11899 8015 11971 8129 12098 8185

7959 11900 8016 11972 8130 12099 8187 8
121 1

12182
12183

7960 11901 8017 12137 8131 12100 8188
7961 11907 .8018 11875 8132 12103 8189
7962 11908 8019 11886 8133 12104 8190
12184
12185
12186
12190
12191
12194
12195

7963, 11909 8020 11973 8134 12105 8191
7964 11910 8021 11974 8135 12106 8192
7965 11911 , 8022 11975 8136 12107 8193
7966 11915 8023 11976 · 8137 12109 8194
7967 11916 8024 11977 8138 12110 8195
7968 13120 8025 11978 ⁶ 8139 11902 8196
7969 11920 8026 11979 8140 12111 8197
7070 11922 8027 11980 8141 12112 8198
7971 11923 8028 11981 8142 12113 8199
7972 11924 8029 11983 ‘ 8143 12114 8200
7973 11925 8030 11984 8144 12115 8201
7974 Ι11927 8031 11985 8145 12116 8202
7975 11928 8032 11986 8146 12117 8203

12197
12199
12200
12201
12203
12204
12205
12209
12210

7976 11929 8033 11988 8147 12118 8204
7977 11930 8034 11989 8148 11906 8205

7978 11931 8035 11990 8149 12119 8206 2
12 14

12215
12216
12217
12218
12219
12221

7979 11932 8036 11991 8150 12120 8207
7980 11933 8037 11992 . 8151 12122 8208
7981 11934 8038 11993 1 8152 12123 8209
7982 11935 8039 11883 8153 12124 8210
7983 11937 8040 11994 8154 12125 8211
7984 11938 8041 11995 8155 12126 8212
7985 11939 8042 11996 8156 12127 8213

85*

7941 11872 7998 11953 ,ἴ 8112 12076 8169 12155

 

